Sequence_ID	JMF-2002-2-0001A	JMF-2002-2-0002A	JMF-2002-2-0003A	JMF-2002-2-0004A	JMF-2002-2-0005A	JMF-2002-2-0006A	JMF-2002-2-0007A	JMF-2002-2-0008A	JMF-2002-2-0009A	JMF-2002-2-0010A	JMF-2002-2-0011A	JMF-2002-2-0012A	JMF-2002-2-0013A	JMF-2002-2-0014A	JMF-2002-2-0015A	JMF-2002-2-0016A	JMF-2002-2-0017A	JMF-2002-2-0018A	JMF-2002-2-0018B	JMF-2002-2-0019A	JMF-2002-2-0020A	JMF-2002-2-0021A	JMF-2002-2-0021B	JMF-2002-2-0022A	JMF-2002-2-0022B	JMF-2002-2-0023A	JMF-2002-2-0024A	JMF-2002-2-0025A	JMF-2002-2-0026A	JMF-2002-2-0027A	JMF-2002-2-0028A	JMF-2002-2-0029A	JMF-2002-2-0030A	JMF-2002-2-0031A
ASV_10q_yhr	0	0	0	0	0	0	0	0	5	0	0	0	8	0	0	0	0	0	0	0	0	0	0	0	0	0	1	0	0	0	0	0	0	0
ASV_117_vqq	2	2	0	4	2	5	3	0	0	4	7	3	0	16	2	0	7	4	0	1	12	1	0	1	0	1	6	5	8	1	1	8	1	0
ASV_120_gvt	2	1	2	3	0	1	3	0	0	2	9	1	0	4	1	0	1	0	0	1	4	0	0	0	0	3	5	7	2	0	6	3	8	0
ASV_12c_sr9	0	0	0	0	0	0	0	0	0	4	0	0	0	0	0	0	0	0	0	0	0	0	0	0	0	0	0	0	0	0	0	0	0	0
ASV_12t_5j3	0	0	1	0	0	5	0	0	7	0	0	21	3	0	0	0	0	0	0	0	0	0	0	0	0	0	0	0	0	0	0	0	0	0
ASV_13d_0rp	0	0	2	0	0	0	0	0	0	0	0	0	0	0	0	0	1	0	0	0	1	0	0	0	0	0	0	0	0	10	0	0	0	0
ASV_16n_mtu	0	2	4	1	3	0	0	5	0	1	7	6	0	0	0	1	3	0	0	0	4	2	0	1	0	1	1	1	0	2	1	1	3	0
ASV_16t_ai5	1	3	0	3	0	0	1	0	0	0	3	7	1	0	0	2	2	0	0	0	0	1	0	0	0	0	0	3	0	0	0	0	0	0
ASV_190_vbz	0	1	0	0	0	0	1	1	0	0	0	1	0	0	0	0	0	0	0	0	0	0	0	0	0	3	0	0	1	0	0	0	0	0
ASV_19v_zp0	1	0	11	0	0	1	0	1	32	2	3	2	30	0	0	1	0	0	0	0	0	3	0	0	0	0	0	0	0	0	1	0	0	0
ASV_19x_mzf	0	1	0	0	0	0	1	2	0	1	0	5	0	1	5	1	0	0	0	2	1	1	0	0	0	10	2	0	0	6	0	2	2	0
ASV_1ab_af4	0	0	29	0	0	0	0	0	77	6	1	3	154	0	1	0	0	0	0	0	0	0	0	0	0	0	34	0	0	0	7	0	0	0
ASV_1ac_5tj	0	2	0	0	0	0	0	0	0	0	0	0	0	0	0	2	0	0	0	0	0	0	0	0	0	2	2	4	0	0	0	6	7	0
ASV_1br_j3i	0	0	8	0	0	0	0	0	70	0	0	0	62	0	0	2	0	9	0	0	0	0	0	0	0	0	6	0	0	0	9	0	0	0
ASV_1c6_j8g	0	0	0	0	0	0	0	0	0	0	0	0	0	0	0	0	3	0	0	0	0	0	0	0	0	0	0	0	0	4	3	0	0	0
ASV_1cy_adz	0	0	0	0	0	0	0	2	0	0	0	0	0	0	1	0	0	0	0	0	0	0	0	0	0	0	0	0	0	1	0	0	0	0
ASV_1d0_zt3	0	0	0	0	0	0	0	1	0	0	0	0	0	0	0	0	0	0	0	0	1	0	0	0	0	1	0	3	3	0	0	0	0	0
ASV_1dv_xtl	0	0	2	0	0	0	0	0	0	0	0	0	2	0	0	0	0	0	0	0	0	0	0	0	0	0	0	0	0	0	0	0	0	0
ASV_1e6_rpu	0	0	9	0	0	0	0	0	62	0	2	0	96	0	0	0	0	2	0	0	0	0	0	0	0	0	24	0	0	0	18	0	0	0
ASV_1e9_fjp	5	1	1	0	0	0	0	0	0	1	1	7	0	1	0	1	12	34	6	0	1	3	12	0	0	0	0	11	78	82	67	27	51	0
ASV_1f2_zg8	0	0	1	1	0	1	0	0	0	2	14	2	1	1	0	2	0	1	0	0	0	0	0	0	0	0	0	0	8	0	0	0	0	0
ASV_1hi_uu6	0	0	0	0	0	0	0	0	0	0	0	0	0	0	0	0	0	0	0	0	0	0	0	0	0	0	0	0	0	0	12	0	1	0
ASV_1ix_v0c	0	0	3	0	0	1	0	0	1	0	0	0	0	0	0	0	0	0	0	0	0	0	0	0	0	1	0	0	5	0	0	0	0	0
ASV_1ju_vct	0	0	0	0	0	0	0	0	0	0	2	4	0	0	0	10	0	2	0	0	0	7	0	0	0	0	0	103	7	2	5	6	3	0
ASV_1ka_xxi	0	3	37	0	0	0	12	6	57	0	1	0	104	6	0	0	1	8	11	0	2	0	2	0	0	0	13	0	0	0	2	4	0	0
ASV_1le_hoi	0	0	16	19	0	0	0	8	12	0	2	0	38	0	25	0	0	0	0	0	0	0	0	0	0	0	0	0	0	0	0	0	0	0
ASV_1n0_iob	0	0	0	0	3	0	3	5	0	2	0	0	0	0	3	0	0	0	0	0	0	0	0	0	0	0	0	0	0	1	2	0	0	0
ASV_1q5_8p9	0	5	1	4	0	1	0	0	0	2	1	1	0	0	3	0	0	0	0	0	0	0	0	0	0	0	0	0	0	0	0	0	0	0
ASV_1qe_u4m	0	0	1	0	0	0	0	0	1	0	0	0	6	0	0	0	0	0	0	0	0	0	0	0	0	0	0	0	0	0	0	0	0	0
ASV_1rx_gqy	9	19	2	8	0	6	0	3	36	17	33	15	34	0	8	1	7	0	0	0	0	0	0	0	0	0	0	0	7	0	0	1	17	0
ASV_1t2_1sf	0	3	2	0	0	0	1	0	0	0	0	0	0	1	0	0	0	0	0	0	0	0	0	0	0	0	0	0	0	0	2	0	17	0
ASV_1w5_i3y	7	9	1	1	2	2	7	3	0	23	8	2	7	3	3	7	8	0	0	8	6	3	0	2	0	12	8	1	8	17	10	15	5	0
ASV_1y2_e0t	0	0	1	0	0	0	0	0	0	0	0	0	2	0	0	0	0	0	0	0	0	0	0	0	0	0	0	0	0	0	0	0	0	0
ASV_1zi_9e7	0	0	0	0	1	0	0	0	0	0	0	0	0	0	0	0	0	0	0	0	0	0	0	0	0	0	3	0	0	0	5	0	0	0
ASV_22t_fcq	0	1	0	0	2	0	0	0	0	0	3	5	0	0	2	0	0	0	0	0	0	0	0	0	0	0	0	0	0	0	0	0	0	0
ASV_23s_5ze	0	0	0	1	0	0	0	0	0	1	0	0	0	0	1	0	0	0	0	0	0	0	0	0	0	0	3	4	1	1	0	4	2	0
ASV_25p_u6c	0	5	0	0	1	0	0	0	0	0	0	0	0	0	0	0	0	0	0	0	0	0	0	0	0	0	0	0	1	0	2	4	0	0
ASV_26z_k3e	0	0	1	0	0	0	0	0	2	0	0	0	9	0	0	0	0	0	0	0	0	0	0	0	0	0	1	0	0	0	0	0	0	0
ASV_27e_kvq	0	0	0	0	0	0	0	0	0	0	0	0	0	0	0	42	0	0	0	0	0	0	0	0	0	0	3	0	0	0	2	0	0	0
ASV_29o_nlj	0	0	0	0	0	0	0	0	0	0	1	1	0	0	0	0	1	0	0	0	0	0	0	0	0	0	0	0	14	4	5	1	2	0
ASV_2aq_mup	0	0	0	0	0	0	0	0	38	0	0	0	39	0	0	0	0	0	0	0	0	0	0	0	0	0	0	0	0	0	1	0	0	0
ASV_2cj_xbx	1	0	0	0	0	0	3	0	0	1	4	0	0	0	0	0	0	0	0	0	0	0	0	0	0	0	0	0	0	0	0	0	0	0
ASV_2dq_jz0	0	0	1	0	1	4	0	0	2	0	0	0	1	0	0	0	0	0	0	0	0	0	0	0	0	0	0	0	0	0	1	0	0	0
ASV_2e5_ark	0	2	13	14	0	0	0	0	3	0	13	0	9	1	14	2	0	0	0	0	0	0	0	0	0	0	0	0	2	0	0	0	0	0
ASV_2fy_fxi	1	9	1	4	2	3	2	4	0	6	1	2	2	1	3	8	13	1	0	0	6	1	0	0	0	1	0	8	4	3	1	1	3	0
ASV_2gl_up2	0	0	4	0	0	0	0	0	11	0	0	0	8	0	0	0	0	0	0	0	0	0	0	0	0	0	0	0	0	0	0	3	0	0
ASV_2im_bxy	2	0	0	0	0	0	0	0	0	0	0	0	0	0	0	0	0	0	0	0	0	0	0	0	0	0	0	0	0	0	1	0	0	0
ASV_2jb_1in	6	41	0	11	4	4	10	30	3	15	8	11	2	6	10	0	0	0	0	0	0	0	0	0	0	0	0	0	4	0	0	0	0	0
ASV_2kd_5km	0	0	0	0	0	0	3	0	0	0	0	2	0	0	0	0	0	0	0	0	0	0	0	0	0	1	0	0	0	0	0	0	5	0
ASV_2l5_gcm	0	0	0	0	0	3	0	0	0	0	0	0	0	2	0	0	19	19	0	0	0	0	0	0	0	0	0	1	11	0	0	14	0	0
ASV_2lc_7sj	0	2	0	0	0	0	0	0	0	0	0	0	0	0	0	0	0	1	0	0	0	0	0	0	0	0	0	0	0	0	2	7	0	0
ASV_2md_zs4	30	61	16	39	27	21	40	51	5	38	30	35	35	81	64	72	63	10	2	4	19	15	22	2	17	35	11	45	66	31	34	37	40	0
ASV_2n6_w8i	16	5	0	110	0	1	0	0	0	0	0	0	1	0	1	32	52	0	0	11	0	0	0	0	0	0	0	0	0	2	0	0	0	0
ASV_2pi_jzw	0	0	12	0	0	0	0	0	15	0	0	0	17	0	0	0	0	0	0	0	0	0	0	0	0	0	0	0	0	0	3	0	0	0
ASV_2sz_8y6	4	0	0	1	8	0	0	1	0	7	11	2	0	0	0	0	0	0	0	0	2	0	0	0	0	0	0	5	1	0	1	0	1	0
ASV_2vz_m6n	0	3	1	0	3	1	1	0	0	0	3	0	1	2	0	4	1	1	0	1	0	1	0	1	0	0	0	6	13	14	2	4	1	0
ASV_2wz_0oq	2	0	0	0	0	0	0	1	0	3	0	0	0	1	0	0	3	0	0	0	1	0	0	0	0	0	0	0	0	4	0	0	0	0
ASV_36e_5cp	6	3	0	4	7	7	6	0	1	8	5	10	0	0	2	0	3	0	0	0	0	0	0	0	0	0	0	0	1	0	0	0	0	0
ASV_38d_z3a	0	0	3	0	1	0	0	0	4	0	0	0	27	0	0	0	0	0	0	0	0	0	0	0	0	0	0	0	0	0	0	0	0	0
ASV_393_mgf	0	0	0	0	0	0	0	2	0	0	0	0	0	0	0	1	2	0	0	0	0	0	0	0	0	8	13	0	0	3	0	0	0	0
ASV_3a1_7ne	0	0	0	0	0	0	0	0	0	0	0	0	2	2	0	0	0	0	0	1	0	0	0	0	0	0	0	1	0	0	0	4	0	0
ASV_3a4_541	39	86	140	42	34	102	354	32	10	402	103	481	42	296	55	17	86	2	0	0	7	6	0	1	0	17	9	51	34	15	12	19	18	0
ASV_3ch_7uq	19	20	9	12	13	11	6	12	2	26	13	10	3	25	25	16	28	7	5	10	22	8	7	1	2	12	24	26	15	17	20	17	18	0
ASV_3cv_0tn	0	1	0	0	0	0	0	0	0	2	0	0	0	0	0	0	0	0	0	0	0	0	0	0	0	0	0	0	0	0	1	0	2	0
ASV_3dk_j82	0	0	24	0	0	0	1	0	48	0	0	0	67	0	0	0	0	0	0	0	0	0	0	0	0	0	5	0	0	0	2	0	0	0
ASV_3e7_kxu	0	0	0	0	0	0	0	0	0	0	1	0	0	0	0	0	9	0	0	0	0	0	0	0	0	0	0	0	0	0	1	0	0	0
ASV_3ef_uay	2	1	3	3	2	6	0	0	76	99	5	23	54	0	0	15	4	8	0	0	0	0	0	0	0	0	2	3	7	1	8	1	18	0
ASV_3fr_c4u	0	0	0	0	0	0	0	0	0	0	0	0	0	0	0	0	0	0	0	0	0	0	0	0	0	0	2	0	0	0	0	0	0	0
ASV_3g7_vdh	0	0	14	1	0	0	0	0	22	0	0	2	16	0	0	0	0	0	0	0	0	0	0	0	0	2	0	0	0	0	0	0	1	0
ASV_3h1_6g5	75	76	33	34	69	32	54	41	7	50	60	39	15	16	28	39	22	11	16	5	21	9	12	2	29	39	29	32	33	26	17	22	47	0
ASV_3il_xms	0	0	0	1	0	1	1	0	1	0	0	0	1	0	0	0	0	1	0	1	6	1	0	0	0	0	0	0	0	0	0	0	4	0
ASV_3l9_toj	0	0	0	0	0	0	0	0	0	1	0	0	0	0	0	0	0	0	0	0	2	1	0	0	0	0	0	0	0	2	0	0	8	0
ASV_3m0_tt1	0	0	0	0	0	0	0	0	0	0	0	0	0	0	0	0	0	0	0	0	0	0	0	0	5	0	0	0	0	0	0	0	0	0
ASV_3oh_hs2	2	0	0	0	0	0	0	0	0	2	0	0	0	7	1	0	6	1	0	0	0	0	0	0	0	0	0	1	4	19	17	8	11	0
ASV_3p2_owt	0	0	0	0	0	0	0	0	0	0	0	0	0	0	0	0	3	0	0	0	0	0	0	0	0	0	0	0	1	4	0	0	0	0
ASV_3p9_mfn	3	0	0	0	0	0	0	0	1	3	0	0	0	1	0	3	0	0	0	0	0	0	0	1	0	12	0	0	3	13	1	1	1	0
ASV_3t6_pl8	13	454	36	166	70	7	22	99	14	53	25	57	134	83	76	125	114	75	7	28	87	51	29	21	46	87	176	126	83	332	232	214	238	0
ASV_3te_mua	6	3	12	1	5	7	1	7	92	5	9	16	75	0	8	34	6	5	0	0	1	0	0	0	0	0	17	17	7	8	7	16	5	0
ASV_41i_7e3	0	0	0	0	1	0	0	0	0	0	2	0	0	0	0	0	0	1	0	0	0	0	0	0	0	0	0	0	4	1	15	0	5	0
ASV_420_3ba	0	0	0	0	0	0	0	0	1	0	1	0	0	0	0	0	0	0	0	0	0	0	0	0	0	0	0	0	0	0	0	1	2	0
ASV_43i_sey	0	0	0	0	0	0	0	0	0	0	0	0	0	0	0	0	0	0	0	0	0	0	0	0	0	0	12	0	0	0	0	0	0	0
ASV_441_f6g	0	0	21	2	0	0	0	0	28	0	2	0	35	0	6	0	0	0	0	0	0	0	0	0	0	0	0	0	0	0	0	0	0	0
ASV_449_p18	0	5	0	2	1	0	2	15	1	22	3	1	1	1	0	0	2	0	0	2	4	0	0	0	0	0	1	1	10	9	3	2	2	0
ASV_44d_xw1	0	0	0	0	0	1	0	1	2	0	1	0	0	0	0	0	0	0	0	0	0	0	0	0	0	0	0	0	1	0	0	0	0	0
ASV_44n_74g	0	0	0	0	0	0	0	0	0	0	0	0	0	1	0	0	3	0	0	0	0	0	0	0	0	0	0	0	0	0	0	0	0	0
ASV_44q_bf8	0	0	0	1	0	0	0	0	3	0	0	0	3	0	0	0	0	0	0	0	0	0	0	0	0	0	0	0	0	0	0	0	0	0
ASV_44r_4r5	1	2	2	0	0	0	3	0	7	7	3	6	3	2	0	8	0	7	8	0	4	0	4	0	0	1	0	0	5	3	1	4	3	0
ASV_45q_07w	0	1	8	0	0	0	1	0	40	0	0	1	64	0	0	0	0	4	0	0	0	0	0	0	0	0	8	0	0	0	15	1	4	0
ASV_46j_cvg	5	16	3	5	16	5	9	8	2	10	16	10	9	21	10	12	10	5	0	2	3	1	0	1	0	9	4	4	11	8	11	7	13	0
ASV_47j_5m6	216	248	106	12	179	48	96	145	11	188	329	192	321	340	278	276	36	32	1	50	114	15	11	29	78	128	548	102	159	220	87	182	133	0
ASV_47j_wxh	7	39	5	9	20	10	9	8	5	14	28	16	35	17	11	11	27	1	13	6	19	11	11	0	3	31	20	20	23	25	15	13	16	0
ASV_47m_u1t	0	0	0	0	2	0	0	0	0	0	0	0	0	0	0	0	0	0	0	0	0	0	0	0	0	0	2	0	0	0	0	0	0	0
ASV_49l_a5q	0	0	12	0	0	0	0	0	31	0	0	0	20	0	0	0	0	0	0	0	0	0	0	0	0	0	0	14	0	0	0	0	0	0
ASV_49l_m7d	0	0	7	17	0	0	0	0	3	0	95	0	3	0	14	5	0	0	0	0	0	0	0	0	0	0	0	0	9	0	0	0	0	0
ASV_4a7_50b	1	0	0	2	5	2	0	9	0	7	5	3	5	0	5	5	4	3	0	5	0	12	9	0	0	7	3	4	17	10	25	11	4	0
ASV_4ba_qzn	0	0	0	0	0	0	0	0	0	0	0	0	0	0	0	0	0	0	0	0	2	0	0	0	0	0	0	0	0	0	0	0	0	0
ASV_4cp_135	0	0	0	2	0	0	0	0	0	6	2	0	0	0	1	3	1	1	0	0	4	1	0	0	0	0	1	1	1	0	0	3	0	0
ASV_4dq_rft	0	1	0	0	0	0	0	1	0	0	1	0	0	0	2	0	0	0	0	0	0	0	0	0	0	0	0	3	0	0	0	0	0	0
ASV_4hg_jh2	1	2	0	2	3	1	1	0	1	3	4	3	1	2	1	2	0	4	0	0	0	1	0	0	0	0	0	3	4	0	1	0	1	0
ASV_4i3_ifu	0	0	0	0	0	0	2	0	0	0	0	0	1	0	0	0	0	0	0	0	0	0	0	0	0	0	0	0	5	2	0	0	1	0
ASV_4ig_4n8	56	68	34	49	44	48	23	46	11	79	42	35	26	55	58	39	41	14	0	12	16	19	0	0	0	49	40	39	32	60	50	55	46	0
ASV_4ih_ur9	2	0	31	0	0	0	0	0	0	0	0	0	0	4	0	0	1	0	0	0	0	0	0	0	0	0	0	3	0	0	0	0	0	0
ASV_4iq_a4g	0	2	0	0	0	0	0	0	0	0	0	0	0	0	0	0	0	0	0	0	0	0	0	0	0	0	0	0	0	0	0	0	0	0
ASV_4kv_6fy	2	0	1	0	0	0	0	0	0	0	4	0	0	0	0	0	0	0	0	0	0	0	0	0	0	0	0	0	0	0	0	0	0	0
ASV_4mx_i4m	5	0	0	0	0	0	0	0	0	0	0	0	0	0	3	0	0	0	0	0	3	0	0	0	0	0	0	0	1	0	0	0	0	0
ASV_4nn_a0r	0	0	0	0	0	0	0	0	0	0	0	0	0	0	0	0	0	0	2	0	0	0	1	0	0	0	0	0	0	0	0	0	0	0
ASV_4qc_wxb	3	4	1	0	10	13	2	6	2	9	8	7	3	16	2	0	0	2	0	0	5	4	0	0	0	9	2	9	20	12	19	10	13	0
ASV_4sa_hnn	0	0	0	0	4	0	3	0	0	2	1	1	2	0	0	0	4	0	0	0	0	0	0	0	0	0	1	1	0	35	4	2	7	0
ASV_4tu_e4p	0	2	0	0	0	0	0	3	0	0	0	0	0	2	0	0	0	0	0	0	0	0	0	0	0	0	0	0	0	0	0	0	0	0
ASV_4v0_5e7	1	3	0	0	0	0	1	0	0	0	1	0	0	1	0	0	2	0	0	0	2	2	0	0	0	0	0	6	5	11	14	3	4	0
ASV_4wr_5ed	0	0	3	0	0	0	0	0	7	3	0	0	15	0	0	0	0	0	0	0	0	0	0	0	0	0	0	0	0	0	0	0	0	0
ASV_4x5_rir	0	0	19	0	0	0	0	0	98	0	0	0	131	0	0	0	0	0	0	0	0	0	0	0	0	0	4	0	0	0	1	0	0	0
ASV_509_ebd	27	15	13	1	7	14	0	27	8	3	23	13	36	19	20	61	30	25	0	2	44	17	0	5	0	18	18	29	75	91	28	64	48	0
ASV_516_8s5	0	0	0	0	0	0	0	0	9	0	0	0	3	0	0	0	0	0	0	0	0	0	0	0	0	0	0	0	0	0	0	0	0	0
ASV_51w_rcr	8	5	1	0	0	1	0	6	0	2	0	1	0	5	0	7	4	0	0	0	2	0	0	0	0	3	5	1	0	5	0	0	3	0
ASV_526_8xb	0	0	7	0	0	0	0	0	30	0	0	0	48	0	0	0	0	4	0	0	0	1	0	0	0	0	11	0	0	1	5	0	0	0
ASV_52w_jvr	0	0	3	0	0	0	0	0	0	0	0	0	1	0	0	0	0	0	0	0	0	0	0	0	0	0	0	0	0	0	0	0	0	0
ASV_539_ni4	0	7	9	11	2	4	0	0	26	0	121	1	61	0	25	0	0	0	0	0	0	0	0	0	0	2	0	0	10	5	1	0	7	0
ASV_53k_5vh	0	0	0	0	1	0	0	1	1	1	0	0	1	0	0	6	6	0	0	0	3	2	0	0	0	0	1	0	0	4	2	5	3	0
ASV_558_rd0	46	72	31	41	119	30	63	165	12	155	144	112	21	22	7	22	32	14	4	6	21	5	22	4	13	12	21	32	38	39	23	49	56	0
ASV_563_r63	0	1	0	0	4	0	0	1	0	3	1	6	0	0	1	0	0	0	0	0	0	0	0	0	0	1	0	0	1	7	0	0	4	0
ASV_56i_kdl	0	0	0	0	0	0	0	0	0	0	0	0	0	0	0	0	0	0	0	0	0	0	0	0	0	0	0	0	1	0	0	0	1	0
ASV_57x_1t9	0	8	3	0	0	6	0	16	0	3	2	1	1	0	11	0	0	0	0	0	0	1	0	0	0	1	0	6	0	3	1	0	2	0
ASV_57y_mup	313	189	267	110	126	81	109	187	16	975	361	311	79	70	102	127	26	11	3	120	167	2	15	42	91	262	247	461	237	282	372	189	533	0
ASV_58e_vt2	2	3	0	0	0	0	0	1	0	0	0	0	0	1	0	0	0	0	0	0	0	0	0	0	0	0	0	10	10	1	8	2	1	0
ASV_58q_qaf	0	0	0	1	0	0	0	1	0	1	0	1	0	0	0	0	0	0	0	0	0	0	0	0	0	0	0	0	0	0	0	0	0	0
ASV_5ab_yzt	0	0	0	3	0	0	2	0	0	0	0	0	1	0	0	0	0	0	0	0	0	0	0	0	0	1	0	0	0	0	0	2	0	0
ASV_5aw_gea	0	4	0	0	0	2	0	0	0	0	0	0	0	0	0	2	0	0	0	0	1	0	0	0	0	0	0	0	4	0	0	0	0	0
ASV_5bb_67o	21	49	11	20	22	6	50	9	3	18	33	20	40	26	36	36	66	15	0	27	24	3	0	11	0	22	20	27	80	122	53	11	93	0
ASV_5en_dsk	0	3	0	0	0	0	0	0	0	0	0	0	18	10	9	0	11	10	0	4	10	7	0	2	0	5	3	6	8	26	17	23	21	0
ASV_5gv_oz8	6	5	7	7	10	6	5	2	0	27	26	22	15	15	8	21	35	19	0	4	15	5	0	1	0	23	25	17	27	43	21	22	53	0
ASV_5ie_gbt	0	3	1	0	3	0	0	1	0	4	3	2	2	2	0	4	8	1	0	0	4	0	0	0	0	2	0	4	1	3	2	0	0	0
ASV_5kk_omt	0	0	0	6	0	0	0	0	0	0	16	0	3	0	14	0	0	0	0	0	0	0	0	0	0	0	0	0	0	1	0	1	1	0
ASV_5l3_m8d	0	0	0	0	0	0	0	0	0	0	0	0	0	1	0	0	2	0	0	0	0	0	0	0	0	0	0	0	0	0	0	1	0	0
ASV_5ld_q5o	1	0	0	0	0	1	0	0	0	1	0	0	1	1	1	0	1	0	0	1	0	0	0	0	0	0	0	1	0	0	3	9	0	0
ASV_5mb_19f	0	0	6	0	0	0	0	0	6	0	0	1	17	1	0	0	0	0	0	0	0	0	0	0	0	0	0	0	0	0	0	0	0	0
ASV_5n0_99x	0	0	0	0	0	0	0	0	0	2	0	0	0	0	0	0	0	0	0	0	0	0	0	0	0	0	0	0	0	0	0	0	0	0
ASV_5ne_0gl	0	0	0	0	0	0	0	0	0	0	0	0	0	0	0	0	0	0	0	0	0	0	0	0	0	0	4	0	0	0	0	0	0	0
ASV_5ng_tbb	0	0	0	0	0	0	0	1	0	0	0	0	0	0	4	0	0	0	0	0	0	0	0	0	0	0	0	0	0	0	0	0	0	0
ASV_5pr_40t	10	45	19	9	15	7	29	26	4	57	38	96	14	31	126	60	121	41	61	8	25	31	29	1	5	35	43	81	216	250	236	172	91	0
ASV_5r4_7y3	0	0	0	0	0	1	0	0	0	0	0	0	0	0	0	0	0	0	0	0	0	0	0	0	0	3	6	2	8	6	2	0	0	0
ASV_5tw_ic1	0	0	2	0	0	4	0	0	61	0	0	0	34	0	1	0	0	0	0	0	0	0	0	0	0	0	1	3	0	4	1	0	18	0
ASV_5uo_lyx	0	0	0	0	2	0	0	0	0	0	0	0	0	0	0	0	0	0	0	0	0	0	0	0	0	0	0	0	0	2	0	0	0	0
ASV_5uw_23f	21	17	7	15	17	15	12	49	2	27	27	17	80	74	87	107	113	58	12	23	52	30	21	16	13	95	124	69	156	315	295	184	206	0
ASV_5w1_niw	2	0	0	0	3	3	1	0	0	0	1	0	4	0	0	6	1	5	0	0	0	2	0	1	0	5	0	8	2	0	2	0	0	0
ASV_5wd_5yw	1	3	0	0	0	0	0	0	0	5	2	0	1	0	0	0	0	0	0	0	0	0	0	0	0	0	1	0	8	0	2	0	0	0
ASV_5yk_ki5	0	0	0	0	0	0	0	0	0	0	0	0	0	0	0	0	0	0	0	0	0	0	0	0	0	0	1	0	0	0	5	0	0	0
ASV_5yp_3wq	0	2	6	0	1	0	0	0	21	0	0	0	19	1	0	0	0	1	0	0	0	0	0	0	0	0	0	0	0	1	0	0	0	0
ASV_5ys_z5p	0	0	2	0	3	0	0	0	3	0	0	0	4	0	0	1	0	1	0	0	1	0	0	0	0	0	0	5	0	0	0	0	0	0
ASV_5yu_122	0	0	9	7	0	1	0	0	20	0	22	5	12	0	0	0	0	0	0	0	0	0	0	0	0	0	2	0	1	0	9	0	0	0
ASV_609_2i0	0	0	0	0	0	1	0	0	0	0	0	0	0	0	0	0	0	0	0	0	0	0	0	0	0	0	0	0	0	0	0	3	0	0
ASV_60p_vyr	0	8	0	0	0	0	0	0	2	0	0	0	0	2	0	6	0	0	0	0	3	0	0	0	0	2	2	0	10	0	1	1	1	0
ASV_60x_hhi	68	103	21	9	25	18	2	9	3	62	46	39	3	1	2	11	7	1	0	2	2	0	0	2	0	11	1	7	5	3	31	2	25	0
ASV_65x_zpo	0	0	1	0	0	0	0	0	0	0	0	0	0	0	0	0	0	0	0	0	1	0	0	0	0	0	0	0	0	3	0	0	0	0
ASV_67e_lvz	0	0	0	0	0	0	0	0	0	0	0	0	0	0	0	62	0	45	42	0	0	0	0	0	0	0	0	1	0	9	56	0	0	0
ASV_67n_17z	0	2	6	1	10	20	7	4	61	0	9	3	36	0	0	9	5	0	0	0	0	3	0	0	0	0	0	1	13	0	9	0	3	0
ASV_688_zuy	0	0	0	0	0	0	0	0	1	0	0	0	3	0	0	0	0	0	0	0	0	0	0	0	0	0	2	0	0	0	0	0	0	0
ASV_69a_c5q	1	0	0	1	1	0	7	0	0	0	2	0	0	0	0	0	1	0	0	0	0	1	0	0	0	0	0	0	2	0	0	0	0	0
ASV_6ab_8dw	11	3	14	9	2	16	13	13	2	11	14	19	0	3	3	9	10	4	0	3	10	3	0	2	0	2	2	5	6	0	4	8	11	0
ASV_6bd_iun	0	0	0	0	0	0	0	0	0	0	0	0	0	0	0	0	3	0	0	0	0	0	0	0	0	0	0	0	1	1	5	0	0	0
ASV_6em_5rz	0	0	6	3	0	0	0	0	7	0	3	5	20	0	0	0	0	3	0	0	0	0	0	0	0	0	6	0	5	9	0	0	0	0
ASV_6fo_a4c	4	6	11	3	28	3	7	10	0	20	5	10	7	3	16	25	1	2	0	0	0	5	9	1	5	7	1	24	13	17	13	7	12	0
ASV_6fz_1w0	9	5	9	5	17	1	5	26	2	16	23	8	225	208	142	184	200	127	65	70	238	87	54	41	97	291	357	101	193	615	443	337	430	0
ASV_6g9_kry	0	0	0	1	0	0	0	0	0	0	0	1	0	0	0	1	0	0	0	0	0	0	0	0	0	0	0	0	0	0	0	0	0	0
ASV_6ht_epq	0	0	0	1	0	1	0	3	0	2	2	0	0	0	0	0	0	0	0	0	0	0	0	0	0	0	0	0	0	0	0	0	0	0
ASV_6if_snt	0	4	0	1	0	0	0	0	0	0	0	0	1	0	0	3	11	2	0	0	0	0	0	0	0	4	0	1	2	24	19	4	2	0
ASV_6kl_e5y	25	49	32	40	24	19	26	68	3	212	77	81	14	23	19	31	34	21	0	21	30	15	0	1	0	31	63	80	45	68	65	28	90	0
ASV_6lv_pfs	0	1	0	0	0	0	0	0	0	7	0	0	0	0	2	0	9	7	0	0	0	0	0	0	0	1	0	0	5	3	4	4	0	0
ASV_6nn_a8n	0	2	3	0	6	0	0	0	0	6	9	4	0	4	0	36	13	15	0	2	2	5	0	1	0	0	0	26	7	21	8	9	24	0
ASV_6p1_17d	0	0	0	0	0	0	0	0	0	0	1	0	0	2	0	1	0	0	0	0	0	2	0	0	0	1	3	0	0	0	0	0	0	0
ASV_6q8_w6e	2	10	0	1	0	0	0	0	0	5	10	1	1	0	1	0	0	0	0	0	0	0	0	0	0	1	0	1	1	2	3	0	0	0
ASV_6sb_h4l	9	11	0	1	7	2	0	4	1	8	8	4	0	0	0	3	4	0	0	0	7	0	0	0	0	1	0	0	0	1	1	2	0	0
ASV_6uo_96g	0	0	14	12	0	2	0	0	65	0	177	0	60	0	10	15	0	5	0	0	0	0	0	0	0	0	0	0	9	0	6	0	2	0
ASV_6uu_h6w	3	0	0	0	1	0	0	3	0	3	0	2	0	0	1	0	0	0	0	0	0	0	0	0	0	0	0	0	0	0	0	0	0	0
ASV_6xp_gyh	5	5	5	4	1	0	1	1	0	9	9	7	2	8	9	6	13	3	15	3	6	1	11	0	4	17	12	3	12	15	15	8	10	0
ASV_71d_o4i	1	3	0	1	2	0	0	0	0	0	7	0	0	0	0	0	3	0	0	1	0	0	0	0	0	0	2	11	0	4	0	0	0	0
ASV_71w_7js	48	41	1	4	8	10	4	12	2	12	18	14	22	23	7	32	163	59	17	8	13	23	45	2	1	7	9	55	169	365	267	122	319	0
ASV_75m_y3h	0	7	0	0	1	0	4	0	0	2	2	2	1	16	7	9	0	5	0	2	11	0	0	1	0	16	6	3	1	4	11	0	13	0
ASV_77p_nql	0	0	6	0	0	0	0	0	4	0	0	0	16	0	0	0	0	0	0	0	0	0	0	0	0	0	0	0	0	0	0	0	0	0
ASV_77t_yiy	0	0	0	0	0	0	0	0	0	0	0	0	3	0	0	0	0	0	0	0	0	0	0	0	0	0	0	0	0	0	0	0	0	0
ASV_7f9_b76	0	2	0	0	0	0	4	0	0	3	0	0	0	3	2	2	0	4	0	0	0	0	0	0	0	1	0	3	1	0	1	0	0	0
ASV_7fi_dks	0	0	0	0	0	0	0	0	0	0	0	2	0	0	0	0	1	0	0	0	0	0	0	0	0	0	0	0	0	0	0	0	0	0
ASV_7gd_eku	0	0	0	3	1	2	0	4	0	0	1	1	1	2	0	0	1	0	0	4	5	0	0	1	0	0	3	1	0	5	2	0	8	0
ASV_7iu_7js	0	0	1	0	0	0	0	0	7	0	0	0	3	0	0	0	0	0	0	0	0	0	0	0	0	0	0	0	0	0	0	0	0	0
ASV_7j9_zrs	0	0	0	0	0	1	0	0	0	0	2	0	0	0	0	0	0	0	0	0	0	0	0	0	0	0	0	0	0	0	0	0	0	0
ASV_7jp_wj4	0	0	0	0	0	0	0	0	0	0	0	2	0	0	0	0	0	0	0	0	0	0	0	0	0	0	0	0	0	1	0	0	0	0
ASV_7k6_ilx	0	6	6	0	0	3	0	2	1	1	1	0	2	0	4	0	6	1	0	2	0	0	0	1	0	1	5	16	3	1	10	0	0	0
ASV_7o5_196	0	0	0	0	0	0	0	0	0	0	0	0	0	0	0	0	0	0	20	0	0	0	1	0	0	0	0	0	0	0	0	0	0	0
ASV_7pd_rms	0	2	1	4	2	0	1	0	1	2	5	4	1	4	17	6	2	0	0	4	10	0	0	0	0	2	9	1	3	4	6	0	2	0
ASV_7r2_9fi	0	1	0	1	0	1	2	0	0	0	3	0	0	0	0	0	0	0	0	0	0	0	0	0	0	0	0	0	0	0	0	0	0	0
ASV_7rs_60w	0	0	12	0	0	0	0	0	27	0	0	1	55	0	0	0	0	0	0	0	0	0	0	0	0	0	4	0	0	0	12	0	0	0
ASV_7s2_02y	1	4	0	0	0	1	0	1	0	0	3	1	0	1	0	1	0	0	0	0	0	0	0	0	0	0	0	0	0	0	0	0	0	0
ASV_7tn_dm9	0	0	0	1	0	0	0	0	0	0	0	0	0	1	0	0	0	0	0	0	0	0	0	0	0	0	0	4	0	1	3	0	0	0
ASV_7tw_27m	0	6	0	1	0	0	1	0	0	0	1	0	0	0	0	0	0	0	0	0	0	0	0	0	0	0	4	0	0	0	0	1	0	0
ASV_7vv_1oz	0	0	0	0	0	0	5	0	0	0	0	2	0	0	0	0	0	0	0	0	0	0	0	0	0	0	0	0	0	0	0	0	0	0
ASV_7w5_37v	0	0	24	0	0	0	0	0	16	2	0	0	92	0	0	0	0	0	0	0	0	0	0	0	0	0	0	0	0	0	1	0	0	0
ASV_7x5_7j5	13	11	8	8	21	5	7	6	3	23	11	20	7	40	17	41	27	0	0	1	4	5	0	1	0	17	8	24	7	37	13	23	4	0
ASV_7zu_6pr	0	1	0	0	0	0	0	0	0	2	0	1	0	1	0	0	0	0	0	0	1	0	0	0	0	3	0	0	10	12	0	1	0	0
ASV_807_zm3	0	0	0	0	0	0	0	0	0	0	1	0	1	0	0	0	1	6	0	0	2	1	0	0	0	0	0	0	0	1	2	0	0	0
ASV_809_e3r	0	0	6	0	0	0	0	0	2	0	0	0	6	0	0	0	0	0	0	0	0	0	0	0	0	0	0	0	0	0	0	0	0	0
ASV_827_fwu	6	10	2	4	4	7	7	2	2	12	2	5	3	5	0	2	1	0	0	0	3	2	0	0	0	0	8	1	0	3	2	4	9	0
ASV_82a_7pa	0	0	1	0	0	0	0	0	3	0	0	0	0	0	0	0	0	0	0	0	0	0	0	0	0	0	0	0	0	0	0	0	0	0
ASV_82o_n6m	0	0	0	0	0	0	0	0	0	0	0	0	0	0	1	0	0	0	0	0	0	0	0	0	0	0	0	20	1	0	0	0	0	0
ASV_83f_qof	0	0	0	0	0	0	0	0	0	0	0	0	0	0	0	0	0	0	0	0	0	0	0	0	0	0	0	0	1	0	0	0	0	0
ASV_852_1dg	3	0	0	0	2	0	0	0	0	0	0	1	0	0	4	0	5	0	0	0	0	0	0	0	0	0	1	0	0	1	2	0	0	0
ASV_85g_s4h	4	5	3	0	2	0	2	1	1	4	3	0	4	2	1	0	2	1	0	0	2	0	0	1	0	0	1	6	21	4	7	11	27	0
ASV_87i_xpm	3	1	0	5	0	0	0	5	3	2	0	2	0	1	0	0	0	0	0	0	0	0	0	0	0	3	0	0	0	8	0	0	0	0
ASV_87o_43j	0	0	0	0	0	0	0	0	0	0	0	0	0	0	0	0	0	0	0	0	0	0	0	0	0	0	0	0	0	0	0	4	0	0
ASV_88j_7m0	1	2	0	1	0	0	0	1	0	0	3	1	0	1	0	2	5	1	0	1	0	0	0	0	0	0	6	3	0	0	1	0	0	0
ASV_8a8_up0	0	5	2	1	0	0	0	0	0	0	0	3	0	0	5	0	1	6	0	0	0	0	0	0	0	0	0	0	0	9	1	4	0	0
ASV_8c0_yt8	0	4	0	2	0	0	0	0	0	0	0	0	0	1	0	0	0	0	0	0	0	0	0	0	0	0	0	0	0	0	0	0	0	0
ASV_8cb_83s	0	0	46	0	0	3	7	0	120	0	0	0	131	0	0	0	0	10	0	0	0	0	0	0	0	0	29	0	3	0	1	1	0	0
ASV_8co_v7h	0	0	0	0	0	0	0	0	0	0	0	0	0	0	0	0	0	0	0	0	0	0	0	0	0	0	0	0	0	6	1	1	0	0
ASV_8es_xna	0	0	0	0	0	0	0	4	0	0	0	0	0	0	0	0	6	0	0	0	0	0	0	0	0	0	0	8	0	2	0	1	9	0
ASV_8fj_zhz	0	0	0	0	0	0	0	0	0	0	0	0	0	0	0	0	0	0	0	0	0	0	0	0	0	0	0	0	5	0	0	0	0	0
ASV_8g8_d76	19	78	12	9	26	13	100	11	0	56	81	20	61	35	69	55	88	56	40	13	51	18	12	7	6	53	45	89	197	195	273	155	210	0
ASV_8hk_oij	1	20	1	1	14	0	4	7	0	2	16	15	10	1	0	4	1	0	0	1	6	4	0	1	0	9	9	6	10	8	11	12	7	0
ASV_8hz_tbq	0	0	0	1	0	7	0	0	1	0	2	4	1	0	0	0	0	0	0	0	0	0	0	0	0	0	0	0	0	0	0	0	0	0
ASV_8ia_3fy	2	9	3	13	0	34	14	27	63	6	9	17	10	11	13	80	0	0	0	0	0	0	0	0	0	0	2	7	10	12	0	1	23	0
ASV_8id_olv	1	0	0	0	0	0	0	0	0	0	0	0	0	0	0	0	0	0	0	0	0	3	0	0	0	0	0	1	1	4	3	1	2	0
ASV_8ie_ay2	0	0	0	1	0	4	3	0	3	0	16	9	0	0	1	2	0	0	0	0	0	0	0	0	0	0	0	1	2	0	1	0	1	0
ASV_8j9_igg	0	0	3	0	0	0	0	0	12	0	0	0	25	0	0	0	0	0	0	0	0	0	0	0	0	0	0	0	0	0	0	0	0	0
ASV_8js_cv2	0	0	0	0	0	0	0	0	0	0	0	0	0	0	9	0	0	0	0	0	0	0	0	0	0	0	0	0	0	0	0	0	0	0
ASV_8k3_44a	0	0	0	1	0	0	1	2	0	0	1	1	0	0	2	1	0	0	0	0	1	2	0	0	0	1	0	0	0	0	0	0	1	0
ASV_8kt_alx	2	1	0	1	2	0	0	0	0	1	0	0	0	0	0	0	0	4	0	0	0	0	0	0	0	0	0	0	0	0	1	0	0	0
ASV_8lq_fz1	0	1	0	0	2	0	0	0	0	1	0	0	1	1	0	0	0	0	0	0	0	0	0	0	0	0	0	0	0	0	0	0	0	0
ASV_8ls_h0g	3	6	0	4	2	2	2	0	0	5	4	3	5	13	2	29	15	7	0	2	20	9	0	0	0	14	16	27	18	6	12	10	7	0
ASV_8mb_lk9	1	7	0	2	6	5	9	9	0	4	4	3	0	7	8	0	0	0	0	0	0	0	0	0	0	0	0	0	1	0	0	0	0	0
ASV_8o4_lvz	0	0	1	0	0	1	0	1	1	0	0	0	1	0	0	0	0	0	0	0	0	0	0	0	0	5	0	0	0	0	0	1	0	0
ASV_8o6_q70	0	0	1	0	0	0	0	0	0	3	0	1	0	1	0	0	0	0	0	0	0	0	0	0	0	0	0	0	8	0	0	0	0	0
ASV_8p9_z5r	4	0	0	0	2	2	0	0	0	3	5	0	0	0	3	0	10	0	0	0	1	1	0	0	0	1	3	4	12	1	0	3	5	0
ASV_8qk_bt8	19	28	11	14	36	10	31	38	5	41	45	29	8	9	6	14	5	0	0	1	4	1	0	0	0	22	14	0	7	11	10	25	16	0
ASV_8r1_2ja	2	1	0	4	3	0	4	0	0	2	2	4	0	1	0	0	0	0	0	0	0	0	0	0	0	0	0	0	0	0	0	0	0	0
ASV_8rk_3zl	0	0	0	0	0	0	0	0	0	0	0	0	0	0	0	0	0	0	0	0	0	0	0	0	0	0	0	0	1	0	2	0	0	0
ASV_8vb_84j	0	0	5	0	0	0	0	0	5	0	0	0	1	0	0	0	0	0	0	0	0	0	0	0	0	0	0	0	0	0	0	0	0	0
ASV_8y2_v90	0	5	0	1	0	0	0	12	0	3	1	0	0	1	1	0	0	0	0	0	0	0	0	0	0	0	0	0	0	0	0	0	0	0
ASV_8z1_3tt	0	0	69	0	0	0	0	0	84	0	0	0	126	0	0	0	0	1	0	0	0	0	0	0	0	0	0	0	0	0	0	0	8	0
ASV_90m_67j	0	2	0	1	0	0	0	0	0	0	1	4	2	0	0	1	1	0	0	0	1	0	0	0	0	0	2	0	0	0	0	0	0	0
ASV_94h_gax	0	0	8	0	0	0	0	0	7	0	0	0	8	0	0	0	0	0	0	0	0	0	0	0	0	0	0	0	0	0	0	0	0	0
ASV_95q_ocy	0	0	4	0	1	8	0	2	0	17	7	4	0	3	2	0	5	1	0	2	0	0	0	0	0	2	6	8	8	7	9	3	2	0
ASV_95w_ymi	0	0	0	0	0	0	0	0	0	0	0	0	0	0	0	0	0	0	0	0	0	0	0	0	0	0	0	3	0	0	0	0	0	0
ASV_96u_n2u	0	0	2	0	0	0	0	0	2	0	0	0	5	0	0	0	0	0	0	0	0	0	0	0	0	0	0	0	0	0	0	0	0	0
ASV_97p_jtw	0	0	1	0	0	0	1	0	63	0	0	0	17	0	0	0	0	0	0	0	0	0	0	0	0	0	0	0	0	0	0	0	0	0
ASV_9e4_m9f	0	0	0	0	0	0	0	0	0	0	0	0	0	0	0	0	0	0	0	0	0	0	0	0	0	0	0	0	0	0	2	0	4	0
ASV_9ec_9n4	10	2	0	0	2	1	3	0	0	0	2	3	3	4	0	469	9	7	3	3	1	1	12	0	3	0	9	1	5	12	14	3	2	0
ASV_9ez_5kk	0	0	2	0	0	0	0	0	3	0	0	0	182	0	1	0	0	0	0	0	0	0	0	0	0	0	0	0	0	0	3	0	0	0
ASV_9i4_15j	9	1	0	1	0	0	2	0	0	0	0	0	0	2	0	1	20	11	0	0	1	5	0	0	0	3	1	2	14	72	27	15	42	0
ASV_9ji_rzu	1	1	0	0	0	0	0	0	0	0	0	0	0	6	0	0	4	8	0	0	0	0	0	2	0	0	0	0	0	0	0	0	0	0
ASV_9kk_1iy	7	13	64	0	0	0	0	5	5	14	0	6	0	0	0	8	36	32	0	0	0	0	0	0	0	1	0	0	17	0	5	6	30	0
ASV_9l0_bza	0	0	0	0	0	0	1	1	0	1	1	0	4	0	4	0	1	0	0	0	0	0	0	0	0	1	1	0	0	0	0	1	0	0
ASV_9my_rsr	4	0	0	0	11	6	6	4	1	20	10	11	4	0	0	4	24	4	0	0	2	6	0	0	0	2	1	15	19	15	17	8	10	0
ASV_9ny_fmu	0	0	0	0	0	0	0	0	0	0	3	0	0	0	0	0	0	0	0	0	0	0	0	0	0	0	0	0	0	0	0	0	0	0
ASV_9ny_xz1	0	0	0	0	0	0	0	0	0	0	0	0	0	0	0	0	0	0	0	0	0	0	0	0	0	0	0	0	0	0	0	3	0	0
ASV_9oa_5nq	2	0	1	0	0	0	0	0	0	0	0	1	0	3	0	4	1	1	0	0	4	0	0	0	0	5	1	4	0	2	2	3	2	0
ASV_9ob_ipv	1	0	2	0	1	0	0	0	0	1	0	9	0	2	1	5	2	0	0	0	0	0	0	0	0	0	0	2	2	1	1	1	0	0
ASV_9ok_w40	0	8	0	0	0	0	0	0	0	0	0	1	0	0	0	0	0	0	0	0	0	0	0	0	0	0	0	0	0	0	0	0	0	0
ASV_9pe_i5f	15	7	6	9	15	5	10	13	0	4	4	10	7	19	17	14	11	1	0	2	2	0	0	0	0	6	3	2	10	2	7	2	11	0
ASV_9pp_3ko	0	0	1	0	0	0	0	0	1	0	0	0	5	0	0	0	0	0	0	0	0	0	0	0	0	0	0	0	0	0	0	0	0	0
ASV_9su_3um	4	1	0	2	1	2	4	5	7	0	1	13	2	2	17	3	19	0	0	0	5	0	0	3	0	1	8	2	7	16	4	2	0	0
ASV_9vj_6iy	0	2	0	0	0	0	0	0	0	1	0	0	0	0	0	1	0	0	0	0	0	0	0	0	0	0	0	0	0	0	0	0	0	0
ASV_9wu_oth	0	0	9	0	0	0	0	0	13	0	17	0	13	0	0	4	0	0	0	0	0	0	0	0	0	0	0	0	0	0	0	0	0	0
ASV_a06_3yw	0	2	0	0	0	0	0	1	0	1	0	0	0	0	0	0	0	0	0	0	0	0	0	0	0	0	0	0	4	1	0	2	0	0
ASV_a0h_ad9	0	0	0	0	0	0	3	0	0	0	0	0	0	0	0	0	0	0	0	0	0	0	0	0	0	0	0	0	0	0	0	0	0	0
ASV_a10_cux	7	0	0	0	1	2	3	1	0	4	1	1	0	0	0	747	3	35	26	4	66	0	11	0	2	95	14	56	4	2	5	2	5	0
ASV_a26_kdp	0	46	0	0	11	3	0	0	1	0	6	3	0	33	0	0	3	0	0	0	3	0	0	3	0	0	2	2	1	0	0	1	11	0
ASV_a6g_9c9	0	0	0	0	1	0	0	0	0	0	1	0	0	0	0	3	3	0	0	0	4	0	0	0	0	0	0	1	0	0	0	0	0	0
ASV_a8z_y3c	11	7	4	0	2	2	0	5	0	0	2	8	1	13	0	0	37	15	19	0	5	11	5	1	0	0	2	4	51	131	80	54	73	0
ASV_ab0_1er	0	0	5	0	0	0	0	0	0	0	0	0	0	0	1	0	1	0	0	4	0	0	0	0	0	0	0	0	0	0	0	0	5	0
ASV_ac0_rfy	18	21	6	8	15	6	7	14	2	37	18	27	3	12	5	15	4	2	0	14	8	0	0	4	0	19	7	33	18	22	13	19	30	0
ASV_ac1_1b5	1	0	208	0	0	3	0	0	1112	0	2	0	1175	0	0	4	2	35	13	0	0	0	0	0	2	2	67	1	15	0	60	4	2	0
ASV_adl_kwt	2	0	2	1	0	1	1	0	4	1	1	1	0	0	0	0	7	0	0	0	0	0	0	0	0	8	2	4	3	7	4	2	1	0
ASV_ag2_mk1	0	0	0	0	0	0	4	0	0	0	0	0	0	0	0	0	0	0	0	0	0	0	0	0	0	0	0	0	0	0	0	0	0	0
ASV_aif_1ei	0	0	1	0	0	0	2	0	0	0	0	0	0	0	0	0	0	0	0	0	0	0	0	0	0	0	0	0	1	0	0	0	0	0
ASV_ak8_g6a	0	0	115	2	0	0	0	0	204	0	2	0	267	0	0	0	0	1	0	0	0	0	0	0	0	0	10	0	0	0	1	0	0	0
ASV_akj_6iq	20	0	0	0	5	2	3	0	0	9	6	0	3	16	1	1	13	4	0	3	0	9	0	0	0	7	1	28	38	24	18	47	8	0
ASV_anu_2fu	0	0	0	0	0	0	0	0	0	0	0	0	0	0	0	0	0	0	0	0	0	0	0	0	0	0	0	0	2	0	0	2	1	0
ASV_aon_hkn	0	1	0	0	0	0	0	0	18	0	0	0	16	0	0	6	0	1	0	0	0	0	0	0	0	0	2	0	0	0	0	0	0	0
ASV_aop_jyy	0	8	0	0	0	0	0	0	0	0	0	0	0	0	0	0	0	0	0	0	0	0	0	0	0	0	0	0	0	2	0	0	0	0
ASV_arh_kee	833	4576	441	1498	2100	933	5456	1323	81	3810	2194	3672	714	14390	13544	290	441	24	22	5	89	16	28	4	16	72	415	156	41	60	45	76	44	0
ASV_arj_yxi	0	0	0	0	0	0	0	0	0	0	0	0	0	0	2	0	0	0	0	0	0	0	0	0	0	0	0	0	0	0	0	0	0	0
ASV_arn_xqb	0	0	0	2	0	0	0	0	0	0	2	5	0	0	0	0	0	0	0	0	0	0	0	0	0	0	0	0	0	0	0	0	0	0
ASV_at6_bpn	0	0	33	0	0	0	0	0	59	0	0	0	41	0	0	0	0	0	0	0	0	0	0	0	0	0	0	0	0	0	2	0	0	0
ASV_awf_su8	6	3	0	3	2	1	1	1	1	1	1	1	0	4	0	5	0	4	0	0	2	0	0	0	0	1	1	11	5	3	1	7	12	0
ASV_axl_gi2	0	0	0	0	0	0	0	0	1	0	0	0	0	0	0	0	0	0	0	0	0	0	0	0	0	0	0	0	0	0	0	0	0	0
ASV_ay7_jh3	0	0	0	0	0	0	0	0	0	3	0	0	0	0	0	0	0	0	0	0	0	0	0	0	0	0	0	0	0	0	0	0	0	0
ASV_ayt_snu	0	0	0	0	0	0	0	0	18	0	0	0	20	0	0	0	0	3	0	0	0	0	0	0	0	0	0	0	0	0	0	0	0	0
ASV_b18_glt	0	0	12	0	0	0	0	1	4	0	0	0	12	0	0	0	0	0	0	0	0	0	0	0	0	0	9	0	0	0	0	0	0	0
ASV_b4p_8u8	1	0	0	0	0	1	0	2	0	0	0	0	0	0	2	0	0	2	0	0	0	0	0	1	0	0	0	1	1	2	0	0	0	0
ASV_b4r_ypy	0	0	0	0	0	0	0	0	2	0	0	0	2	0	0	0	0	0	0	0	0	0	0	0	0	0	3	0	0	0	2	0	0	0
ASV_b5d_sff	25	27	22	1	17	5	21	16	4	19	22	19	36	26	18	23	2	0	0	1	17	1	0	4	0	6	36	8	4	21	0	11	8	0
ASV_b6o_ipu	0	0	4	0	0	0	0	0	0	0	0	0	4	0	0	0	0	0	0	0	0	0	0	0	0	0	0	0	0	0	0	0	0	0
ASV_bc5_ww5	1	1	0	1	0	0	1	0	2	1	1	0	0	1	1	0	0	0	0	0	0	0	0	0	0	0	0	0	0	0	0	0	0	0
ASV_bcn_dmj	0	0	0	1	0	0	0	0	0	0	0	0	0	0	0	0	0	0	0	0	2	0	0	0	0	0	0	0	0	0	0	0	0	0
ASV_bdh_gto	13	0	0	0	0	0	0	0	0	6	1	3	0	0	0	0	0	0	0	0	2	0	0	0	0	0	2	0	0	8	0	0	0	0
ASV_bf3_435	1	0	0	2	3	0	9	8	0	3	1	0	0	0	2	0	2	0	0	0	0	1	0	0	0	0	0	0	0	2	2	1	0	0
ASV_bg2_v46	0	0	0	3	0	0	0	0	5	0	0	6	0	0	0	0	0	0	0	0	0	0	0	0	0	0	0	0	0	0	0	0	0	0
ASV_bm3_q6y	0	0	0	0	0	0	0	0	0	0	0	0	0	0	0	0	0	0	0	0	0	0	0	0	0	0	0	0	1	0	0	4	7	0
ASV_bn5_gc5	0	0	0	0	0	0	0	0	0	0	1	0	0	0	0	0	12	0	0	0	0	0	0	0	0	0	0	1	0	1	0	0	0	0
ASV_bo4_be6	0	0	0	0	0	0	0	1	0	1	0	0	0	0	2	0	6	0	0	0	0	0	0	0	0	0	0	1	0	0	2	2	5	0
ASV_bqr_l23	5	2	118	6	1	6	0	4	1749	0	1	1	1022	3	0	19	4	13	0	0	0	0	0	0	0	0	31	0	0	1	51	4	25	0
ASV_br3_2mo	0	2	1	0	6	2	0	8	0	9	4	3	1	0	0	0	4	0	0	0	1	0	0	0	0	0	5	8	1	0	0	1	7	0
ASV_bsn_39g	0	0	0	0	0	0	0	0	0	0	0	0	0	0	0	0	0	0	10	0	0	0	0	0	0	0	0	0	0	0	0	0	0	0
ASV_bwb_vo7	0	1	0	2	0	0	0	0	0	0	5	0	0	0	0	0	0	0	0	0	0	0	0	0	0	0	0	0	1	1	0	0	0	0
ASV_bz9_s7c	0	0	0	0	1	0	0	0	0	0	0	0	1	0	0	0	0	0	0	0	0	0	0	0	0	0	0	21	0	0	0	1	0	0
ASV_bzr_gsn	0	0	2	0	0	0	0	0	2	0	0	0	2	0	0	0	0	0	0	0	0	0	0	0	0	0	0	0	0	0	0	0	0	0
ASV_bzv_v0x	0	0	35	0	0	0	0	0	15	0	0	0	53	0	0	0	0	0	0	0	0	0	0	0	0	0	2	0	0	0	2	0	0	0
ASV_c07_vnh	147	109	316	79	107	66	70	81	10	111	86	112	67	136	101	195	184	82	19	64	139	83	63	29	51	134	138	209	143	228	163	99	231	0
ASV_c1o_yb1	0	4	0	0	0	0	0	0	0	0	0	0	0	0	0	0	1	0	0	0	0	0	0	0	0	0	0	0	0	0	0	0	0	0
ASV_c38_x29	0	1	0	0	0	2	2	0	2	0	1	2	1	1	0	0	0	0	0	0	0	0	0	0	0	0	0	1	0	0	0	0	0	0
ASV_c5d_n2z	0	0	0	0	0	0	0	0	4	0	0	0	1	0	0	0	0	0	0	0	0	0	0	0	0	0	0	0	0	0	0	0	0	0
ASV_c9b_819	31	87	12	15	67	30	17	94	2	94	103	67	66	98	84	59	150	101	59	12	65	39	50	4	31	77	112	109	329	369	426	302	175	0
ASV_ca3_siu	0	7	0	6	0	0	0	0	0	0	2	0	0	0	0	1	0	0	0	0	0	0	0	0	0	0	0	0	0	0	1	0	0	0
ASV_cbd_tl9	0	0	5	0	0	0	0	0	11	0	0	0	14	0	0	0	0	1	0	0	0	0	0	0	0	0	0	0	0	0	0	0	0	0
ASV_cev_f3c	0	2	0	2	0	11	6	1	3	0	12	2	6	0	1	1	1	0	0	0	0	0	0	0	0	0	0	0	5	0	0	0	1	0
ASV_cie_sr7	0	0	10	0	0	0	0	0	36	0	0	3	32	0	0	0	0	8	0	0	0	0	0	0	0	0	1	4	0	0	5	0	0	0
ASV_cjg_bel	3	11	1	0	6	0	2	5	2	3	4	2	0	2	7	3	6	1	0	9	1	4	5	4	2	3	15	25	4	7	11	6	5	0
ASV_cme_yc0	51	87	166	34	53	32	28	62	4	89	52	53	40	42	44	79	62	29	0	29	60	28	0	4	0	51	75	89	46	79	86	61	55	0
ASV_cph_zpa	0	0	3	0	0	0	0	0	8	0	1	0	9	0	0	0	0	0	0	0	0	0	0	0	0	0	0	0	0	0	0	0	0	0
ASV_crm_667	3	15	24	4	2	5	1	10	1	1	15	11	4	5	1	2	1	0	0	1	5	0	0	0	0	0	0	6	6	12	3	2	2	0
ASV_cro_jez	0	0	4	0	0	0	0	0	0	0	0	0	4	0	0	0	0	0	0	0	0	0	0	0	0	0	0	0	0	0	0	0	0	0
ASV_crv_ucv	0	0	0	0	0	0	0	0	1	0	0	0	0	0	0	0	0	0	21	0	0	0	9	0	4	0	0	0	0	0	0	0	0	0
ASV_ct8_y1t	0	0	0	0	0	1	0	0	4	0	15	0	1	0	1	6	0	0	0	0	0	0	0	0	0	0	0	0	2	0	0	0	2	0
ASV_ctp_1u9	0	0	0	0	0	0	0	0	0	0	0	0	0	0	0	4	0	0	0	0	0	0	0	0	0	0	0	0	0	0	0	0	0	0
ASV_ctq_zdb	3	2	2	1	0	1	0	3	0	4	1	0	1	0	0	0	0	0	0	0	0	0	0	0	0	0	0	0	0	0	0	0	0	0
ASV_cul_lhv	0	0	0	0	0	0	0	0	0	0	0	0	0	0	0	0	0	0	0	0	0	0	0	0	0	0	0	2	0	0	0	0	0	0
ASV_cvf_733	5	1	4	4	5	0	1	4	0	7	11	4	0	0	3	8	4	0	0	4	0	0	0	0	0	1	0	14	1	8	2	5	0	0
ASV_cwp_j52	0	2	0	0	0	0	0	0	0	1	1	2	0	0	0	0	0	0	0	0	0	0	0	0	0	0	0	0	0	0	0	0	0	0
ASV_czy_h3j	0	0	0	0	0	0	0	0	0	0	0	0	0	0	0	0	0	0	0	0	0	0	0	0	0	0	0	0	0	2	0	0	0	0
ASV_d2f_8ho	100	80	82	70	78	95	82	78	26	101	84	64	23	36	34	111	48	8	7	22	53	20	11	8	6	57	69	66	44	57	95	49	79	0
ASV_d5s_e4t	3	5	2	5	2	2	1	1	2	8	6	13	1	0	0	0	9	0	0	1	2	1	0	0	0	1	0	17	6	7	7	6	27	0
ASV_d7y_yq7	23	2	6	4	11	18	1	10	1	11	13	12	2	24	2	32	19	10	0	10	31	5	0	4	0	8	33	35	12	21	11	20	30	0
ASV_d8l_gce	0	2	2	0	0	0	0	0	1	2	0	7	2	0	0	0	2	0	0	0	0	0	0	0	0	0	0	0	0	0	0	0	0	0
ASV_d9p_fyy	4	1	2	1	0	1	0	0	0	1	0	1	0	1	0	2	0	1	0	1	0	0	0	1	0	0	0	0	0	5	0	0	0	0
ASV_dau_uqv	1	1	0	0	1	1	0	4	0	0	2	1	0	0	0	0	0	0	0	2	1	0	0	0	0	1	0	6	0	0	0	0	0	0
ASV_dcg_dpn	0	0	84	0	0	1	0	0	888	5	1	5	521	0	0	0	0	10	0	4	0	0	0	0	0	0	22	0	0	0	10	0	8	0
ASV_dhj_rpe	0	0	0	0	0	0	0	0	0	0	0	33	0	0	0	0	0	0	0	0	0	0	0	0	0	0	0	0	0	0	0	0	0	0
ASV_dj9_ocs	0	0	0	0	0	0	0	1	0	0	1	2	0	0	0	0	0	0	0	4	0	0	0	0	0	0	0	0	0	0	1	1	0	0
ASV_djz_twf	1	3	1	1	0	0	1	0	1	7	0	0	1	1	1	1	4	1	0	0	3	0	0	0	0	2	8	1	5	2	4	2	4	0
ASV_dnv_z7m	0	0	0	0	0	0	0	0	1	0	3	0	0	0	0	0	0	0	0	0	0	0	0	0	0	0	0	0	0	0	0	0	0	0
ASV_dp7_jzk	1	0	0	0	0	0	0	0	0	0	0	0	0	0	0	0	0	0	0	0	1	0	0	0	0	0	0	0	0	3	1	7	3	0
ASV_dqy_xoh	0	0	4	0	0	0	0	0	20	2	0	0	22	0	0	0	0	0	0	0	0	0	0	0	0	0	4	0	0	0	1	0	0	0
ASV_dra_t9c	0	9	0	3	0	1	0	2	1	19	10	3	0	8	0	0	0	0	0	0	0	0	0	0	0	0	0	0	0	0	0	0	0	0
ASV_drb_zo1	0	0	0	0	0	0	0	0	0	0	0	0	3	0	0	0	0	0	0	0	0	0	0	0	0	0	0	0	0	0	0	0	0	0
ASV_dro_cvh	0	0	0	0	0	0	0	0	0	0	0	0	0	0	0	2	0	0	0	0	0	0	0	0	0	0	0	0	0	0	0	0	0	0
ASV_dru_fu1	0	0	0	0	0	0	0	0	0	0	0	0	0	0	0	0	7	0	0	0	0	0	0	0	0	0	0	0	0	1	0	0	0	0
ASV_dsq_w9y	2	2	3	0	0	1	4	0	0	3	0	18	0	0	0	25	1	1	0	2268	1	2	0	1	0	35	0	87	517	0	2	3	40	0
ASV_dw4_d6j	0	0	2	0	0	3	0	2	0	0	0	2	1	0	0	0	2	0	0	0	0	0	0	0	0	0	0	0	0	0	0	0	0	0
ASV_dwc_j0g	6	6	2	2	7	0	1	0	5	14	2	6	4	25	5	13	5	13	0	4	17	2	0	0	0	6	8	23	44	15	15	11	18	0
ASV_dws_hp2	0	2	0	0	1	2	2	0	0	2	0	2	1	0	0	7	1	0	0	2	3	5	0	0	0	5	0	1	4	0	3	0	2	0
ASV_dy2_322	2	1	3	0	0	0	0	0	0	2	0	1	0	0	0	0	1	0	0	0	0	2	0	0	0	0	0	0	0	1	4	0	5	0
ASV_dyj_mkc	1	2	0	5	0	2	7	5	1	2	9	4	0	0	0	0	0	0	0	0	0	0	0	0	0	0	0	0	0	0	0	0	0	0
ASV_dyq_jqg	0	0	0	0	0	0	0	0	0	0	0	0	0	0	0	2	0	0	0	0	0	0	0	0	0	0	0	0	3	11	1	0	0	0
ASV_e0u_xvt	0	0	0	0	0	0	0	0	0	0	0	0	0	0	0	0	0	0	0	0	0	0	0	0	0	0	0	5	0	0	0	0	0	0
ASV_e1c_xtp	0	0	0	1	0	1	0	0	0	0	1	0	0	3	2	0	0	0	0	0	0	0	0	0	0	0	0	0	0	1	1	1	0	0
ASV_e2o_nx6	0	0	0	0	0	0	0	0	0	0	0	0	0	5	0	0	0	0	0	0	0	0	0	0	0	0	0	0	0	0	0	0	0	0
ASV_e3i_s5b	6	6	0	5	0	1	7	2	0	20	9	10	0	5	2	0	4	0	0	0	0	0	0	0	0	0	0	0	0	0	0	0	0	0
ASV_e41_28m	1	5	0	1	3	3	1	2	0	0	3	1	0	1	1	5	18	1	0	0	0	0	0	0	0	0	0	2	5	4	42	4	30	0
ASV_e54_2dz	1	3	0	0	0	0	0	1	0	1	0	0	3	0	2	0	3	1	0	0	0	0	0	0	0	0	5	3	10	5	9	2	4	0
ASV_e5f_mcc	0	0	0	0	0	0	0	0	0	0	0	0	0	0	0	0	0	0	0	0	0	0	0	0	0	0	0	0	0	3	0	0	0	0
ASV_e7n_8mb	0	0	0	0	0	0	0	0	0	2	0	0	0	0	0	0	2	0	0	0	0	0	0	0	0	0	0	0	0	0	0	0	0	0
ASV_eby_t8z	0	0	0	0	0	0	0	0	0	0	0	0	0	0	0	0	1	0	0	0	1	0	0	0	0	0	0	1	0	0	0	0	7	0
ASV_ec6_v74	0	0	0	0	0	0	0	0	0	0	0	0	0	0	0	0	0	0	0	0	0	0	0	0	0	0	0	0	5	0	0	0	0	0
ASV_ecf_jfs	12	10	8	8	6	11	2	4	3	7	0	2	5	6	0	29	23	7	0	2	7	5	0	0	0	0	11	12	2	14	16	7	1	0
ASV_edy_7f1	7	3	3	2	2	5	2	2	2	12	5	9	6	7	16	5	2	6	0	4	4	13	0	0	0	12	8	12	7	5	14	7	3	0
ASV_efd_nyn	0	3	2	0	0	0	0	0	0	0	0	0	0	0	0	0	0	0	0	0	0	0	0	0	0	2	0	0	0	0	2	0	0	0
ASV_efs_46e	1	4	0	0	2	2	0	3	0	2	3	0	0	0	0	0	2	2	0	0	0	0	0	1	0	0	0	0	2	3	3	1	0	0
ASV_ehc_ssg	2	0	0	1	4	2	0	10	0	0	7	3	1	0	2	0	1	0	0	0	0	0	0	0	0	4	0	0	9	0	0	1	1	0
ASV_ehx_po2	2	10	0	0	2	3	0	0	0	2	0	0	1	0	3	0	0	0	0	0	16	0	0	0	0	0	2	0	7	0	16	0	0	0
ASV_ejw_h9p	4	7	1	0	5	2	13	11	0	16	8	12	1	4	6	2	10	5	0	0	0	0	0	2	0	1	2	13	31	27	7	10	8	0
ASV_eo0_f3d	0	0	0	0	0	0	0	0	0	0	0	0	0	0	2	0	0	0	0	0	0	0	0	0	0	0	1	0	0	0	0	0	0	0
ASV_eqv_li0	4	0	1	0	1	0	1	0	0	8	1	0	0	0	0	0	0	0	0	1	0	1	0	0	0	0	9	0	3	0	0	0	3	0
ASV_eqv_pwl	0	1	1	5	1	9	2	3	0	0	1	5	0	0	0	0	0	1	0	0	0	0	0	0	0	0	1	0	0	9	0	0	0	0
ASV_erl_t71	0	0	0	0	0	0	0	0	9	0	0	0	7	0	0	0	0	4	0	0	0	0	0	0	0	0	0	0	0	0	0	0	0	0
ASV_esh_z4r	0	0	0	4	0	0	0	0	0	1	0	0	0	0	0	0	0	0	0	0	0	0	0	0	0	0	0	0	0	0	0	0	0	0
ASV_ew0_9uc	3	0	0	0	0	0	0	0	0	0	2	0	0	1	1	1	4	0	0	0	2	0	0	0	0	1	1	0	0	2	0	0	0	0
ASV_ex0_xyi	0	1	991	5	0	0	0	5	450	0	1	0	1339	0	3	2	0	14	0	0	0	0	0	0	0	0	13	0	1	0	20	0	7	0
ASV_ex3_wp9	0	0	0	0	2	0	2	1	0	1	3	9	3	2	0	0	12	0	0	0	9	0	0	0	0	4	1	0	15	10	15	21	25	0
ASV_exq_6y0	0	0	0	0	0	0	1	1	0	0	0	2	0	2	0	0	0	0	0	0	0	0	0	0	0	0	0	0	0	0	0	0	0	0
ASV_eyl_rwz	0	0	0	0	0	0	0	0	0	0	0	0	2	0	0	0	0	0	0	0	0	0	0	1	0	0	0	0	0	0	0	0	0	0
ASV_eyx_685	0	0	7	0	0	0	0	0	12	2	0	0	28	0	0	0	0	0	0	0	0	1	0	0	0	0	2	0	0	0	5	0	0	0
ASV_f00_02y	0	2	0	0	0	1	0	0	0	4	4	1	0	0	0	0	0	0	0	0	0	0	0	0	0	0	0	0	0	0	0	0	0	0
ASV_f43_lxn	0	0	0	0	0	0	0	0	3	0	0	0	0	0	0	0	0	0	0	0	0	0	0	0	0	0	0	0	0	0	0	0	0	0
ASV_f5p_h5h	0	1	0	1	3	4	3	0	0	5	1	0	0	2	0	0	11	0	0	0	2	0	0	0	0	1	1	2	1	7	2	0	0	0
ASV_f6z_6n0	0	0	7	1	0	0	0	0	3	0	0	0	7	0	1	0	3	0	0	0	0	0	0	0	0	0	0	0	0	0	0	0	0	0
ASV_f7s_c7z	0	0	0	0	0	0	0	0	0	0	0	0	0	0	0	0	0	0	0	0	0	0	0	0	0	0	0	0	5	0	1	0	0	0
ASV_f83_421	0	0	0	0	0	0	0	0	1	0	0	0	4	0	0	0	0	0	0	0	0	0	0	0	0	0	0	0	0	0	0	0	0	0
ASV_f8g_hsy	9	7	0	0	0	2	0	5	0	2	4	6	2	1	0	2	3	16	0	1	3	0	0	0	0	0	12	3	3	0	5	3	3	0
ASV_f8k_fxd	33	70	23	38	145	37	32	149	11	125	140	125	16	11	7	9	3	3	0	6	3	0	0	3	0	34	15	6	25	14	22	23	42	0
ASV_f8o_h26	0	1	2	3	0	1	1	1	3	0	0	2	20	0	2	2	1	2	0	0	2	0	0	0	0	0	6	11	0	7	9	1	1	0
ASV_f9r_zq7	0	0	4	1	0	0	0	0	1	0	0	0	9	0	0	0	0	0	0	0	0	0	0	0	0	0	0	0	0	0	0	0	0	0
ASV_fb1_iha	0	0	25	0	0	0	0	0	12	0	0	0	37	0	0	0	0	1	0	0	0	0	0	0	0	0	5	0	0	0	0	0	0	0
ASV_ffl_f54	0	0	0	0	0	0	0	1	1	0	1	0	0	1	3	0	0	0	0	0	0	0	0	0	0	0	0	0	0	0	0	0	0	0
ASV_fgi_b0a	1	1	0	0	0	0	0	5	0	3	0	0	0	0	0	0	0	0	0	0	0	0	0	0	0	0	0	0	0	0	0	0	0	0
ASV_fhy_gkt	47	87	19	7	6	5	0	9	0	25	9	9	9	6	6	3	3	4	0	7	8	2	0	1	0	8	12	15	20	9	6	8	40	0
ASV_fi0_eiu	1	0	3	4	1	0	0	0	2	1	1	1	3	0	0	2	2	0	0	4	2	0	0	0	0	6	2	4	6	12	3	0	8	0
ASV_fjt_bjt	0	0	0	0	0	0	0	0	0	0	0	0	0	0	0	4	0	0	0	0	0	0	0	0	0	0	0	0	0	0	0	0	0	0
ASV_fkz_kru	0	0	0	0	0	0	0	0	0	0	0	0	0	0	0	0	0	0	0	0	0	0	0	0	0	0	0	0	0	0	5	0	0	0
ASV_fm6_loq	12	14	2	2	3	4	12	19	3	18	10	97	24	21	14	41	20	23	21	14	21	14	39	19	10	16	9	26	39	75	71	35	46	0
ASV_fmj_2j5	0	0	0	3	0	1	0	0	0	0	0	2	0	0	0	0	2	0	0	0	0	0	0	0	0	0	0	0	0	1	0	1	8	0
ASV_fn7_h9v	0	0	0	0	0	0	0	0	0	0	0	0	0	0	0	0	0	0	0	0	0	0	0	0	0	0	0	0	0	0	0	3	0	0
ASV_fnw_z6u	0	2	0	0	0	0	0	0	0	0	0	0	1	0	0	0	0	0	0	0	0	0	0	0	0	0	0	0	0	4	1	0	0	0
ASV_fo0_0ar	0	0	0	0	0	0	0	0	0	0	0	0	0	0	0	0	5	1	0	0	0	0	0	0	0	0	0	0	0	2	0	1	1	0
ASV_frh_w3t	0	0	0	0	0	3	0	0	0	0	0	0	0	0	0	0	0	0	0	0	0	0	0	0	0	0	0	0	0	0	0	0	0	0
ASV_frt_gcz	2	5	3	1	0	0	0	7	0	5	4	3	1	6	0	0	0	0	0	0	0	0	0	0	0	0	0	0	0	0	0	0	0	0
ASV_fs0_uhu	12	13	37	29	1	18	11	30	154	10	12	3	175	0	22	94	14	6	0	0	0	1	0	0	0	0	23	17	13	15	25	7	3	0
ASV_fsq_3o6	0	0	1	2	3	2	1	2	0	2	3	6	0	0	0	4	13	0	0	3	0	1	0	0	0	0	3	8	0	1	10	2	3	0
ASV_ft9_wwq	0	0	21	0	0	0	0	0	3	0	0	0	11	0	0	0	0	0	0	0	0	0	0	0	0	0	0	0	0	0	0	0	0	0
ASV_fva_5h8	3	5	0	0	1	0	0	1	0	2	2	0	0	0	0	0	4	0	0	0	0	0	0	0	0	0	10	4	2	5	0	0	3	0
ASV_fyg_kgb	0	3	0	2	0	1	2	2	2	0	3	9	0	0	0	2	3	0	0	0	0	0	0	0	0	0	0	0	0	0	0	1	0	0
ASV_g2k_p27	0	0	0	1	0	0	0	4	0	1	0	0	0	1	0	0	0	0	0	0	0	0	0	0	0	0	0	0	0	0	0	0	0	0
ASV_g2q_5cv	0	2	0	1	2	0	11	0	1	4	10	3	0	0	1	0	0	1	0	0	0	0	0	0	0	0	0	0	0	0	0	0	0	0
ASV_g5i_atn	0	0	0	0	0	0	0	0	0	0	0	0	0	0	0	1	0	0	0	0	0	0	0	0	0	0	1	0	3	0	0	4	0	0
ASV_g5v_skq	0	3	0	0	3	0	0	0	0	0	1	0	3	1	0	8	2	0	0	0	0	0	0	0	0	0	0	0	0	1	4	0	0	0
ASV_g79_b2o	4	0	0	0	0	0	0	0	0	0	0	0	0	0	0	0	0	0	0	0	0	0	0	0	0	0	0	0	0	0	0	0	0	0
ASV_g8c_rme	0	0	1	0	0	0	0	0	4	0	0	2	6	0	0	0	0	0	0	0	0	0	0	0	0	0	0	0	0	0	0	0	0	0
ASV_geu_ea5	0	3	0	0	3	4	0	0	0	1	0	3	3	1	7	0	0	4	0	0	0	0	0	0	0	0	0	0	13	11	29	20	1	0
ASV_gme_cjq	0	1	0	0	0	0	0	0	0	0	1	0	0	0	0	0	0	0	0	0	0	0	0	0	0	0	0	0	0	0	0	0	0	0
ASV_gmy_fbl	1023	521	95	974	345	302	767	999	2399	480	355	913	1205	362	435	3713	894	38	24	12	58	103	96	4	13	59	85	433	733	664	125	521	1417	0
ASV_gnc_4hq	4	3	0	0	2	2	2	2	0	3	3	2	0	0	0	3	0	0	0	0	0	5	0	0	0	0	0	6	0	1	5	4	0	0
ASV_gnl_wg5	2	0	0	0	0	0	1	0	0	3	0	0	0	0	0	0	0	0	0	0	0	0	0	0	0	0	0	0	0	0	0	0	0	0
ASV_gns_1ga	0	0	0	0	0	0	0	0	0	0	0	0	0	0	1	0	1	5	0	0	0	0	0	0	0	0	0	0	9	11	4	3	11	0
ASV_gny_ckc	1	1	1	7	0	9	0	4	0	40	8	8	0	16	6	4	0	0	0	0	1	0	0	0	0	0	9	1	18	23	0	16	12	0
ASV_gpn_wmt	11	19	10	2	9	2	3	3	1	18	8	3	0	0	0	0	2	0	0	0	0	0	0	0	0	0	0	1	2	1	3	0	5	0
ASV_gpv_dpp	40	95	1	20	43	86	165	38	7	12	117	78	8	14	6	112	25	5	0	0	2	5	0	1	0	0	0	2	33	7	6	17	13	0
ASV_gpz_gv8	2	10	9	1	7	6	3	16	1	26	16	19	9	10	1	9	18	1	0	2	13	1	0	2	0	7	21	32	29	48	45	19	34	0
ASV_gr1_t1g	0	0	7	0	0	0	0	0	15	0	0	0	12	0	0	0	0	0	0	0	0	0	0	0	0	0	0	0	0	0	0	0	0	0
ASV_grm_1ij	0	0	0	0	0	0	0	0	1	0	0	0	3	0	0	0	0	0	0	0	0	0	0	0	0	0	0	0	0	0	0	0	0	0
ASV_gsa_6bp	0	0	3	0	0	0	0	0	0	0	1	0	0	0	0	1	0	0	0	0	0	0	0	0	0	0	1	1	0	0	1	0	1	0
ASV_gsb_6ud	221	125	65	123	159	137	141	104	4	164	112	193	29	116	121	199	248	65	49	83	162	108	47	25	47	172	145	252	167	182	196	124	115	0
ASV_gtc_hiw	3	0	1	0	0	1	0	3	0	6	0	3	2	0	3	10	1	0	0	0	1	0	0	0	0	0	0	0	0	0	1	0	0	0
ASV_gtl_2sl	0	11	1	2	2	1	3	1	7	0	0	5	10	0	0	0	2	0	0	2	0	0	0	0	0	0	0	2	0	10	10	37	2	0
ASV_gtp_eau	0	0	12	37	0	0	0	0	16	0	64	0	22	0	35	0	0	0	0	0	0	0	0	0	0	0	0	0	0	0	0	0	0	0
ASV_guz_8ru	0	0	1	0	0	0	0	0	0	2	0	0	0	4	0	0	0	4	0	0	0	0	0	0	0	0	0	0	1	0	0	0	0	0
ASV_gva_4hj	0	3	13	270	1	0	0	0	26	0	81	0	28	0	369	6	0	1	0	0	0	0	0	0	0	0	1	0	44	0	0	0	33	0
ASV_gvi_4ji	0	0	0	0	0	0	0	0	0	1	0	0	1	0	0	0	0	0	0	0	1	0	0	0	0	0	0	0	0	0	0	0	0	0
ASV_gvp_9rh	0	0	20	0	0	0	0	0	8	0	0	0	6	0	4	3	3	0	0	0	0	0	0	0	0	0	0	2	0	0	0	0	0	0
ASV_gwb_5o3	0	1	0	4	0	0	0	6	37	0	39	2	25	0	5	0	0	0	0	0	0	0	0	0	0	0	2	0	6	0	1	0	1	0
ASV_gwz_6uk	0	0	0	0	0	0	0	0	0	0	0	0	0	0	0	11	0	0	0	0	0	0	0	0	0	1	1	0	0	0	1	0	0	0
ASV_gx9_gr1	0	2	61	28	0	1	0	0	46	0	3	1	92	0	36	0	0	0	0	0	0	0	0	0	0	0	0	0	0	0	1	0	12	0
ASV_gxp_z4o	168	381	230	175	444	161	252	679	130	628	605	488	97	137	89	172	219	38	10	67	94	49	83	28	46	106	181	228	219	218	256	200	293	0
ASV_h0g_bxa	4	7	4	4	5	0	4	1	3	7	9	6	1	18	33	36	23	0	0	1	9	7	0	1	0	2	0	33	11	13	1	17	5	0
ASV_h2s_lo4	0	0	8	0	0	0	0	0	51	0	0	0	35	0	0	0	0	0	0	0	0	0	0	0	0	0	12	0	0	0	2	0	0	0
ASV_h48_r6y	0	0	0	0	3	0	0	0	0	0	0	0	0	0	2	2	0	0	0	1	2	0	0	0	0	0	2	0	0	0	0	0	0	0
ASV_h6w_b1s	0	0	0	0	0	0	0	3	0	0	0	0	0	0	0	0	0	0	0	0	0	0	0	0	0	0	0	0	0	2	0	0	0	0
ASV_h8c_lmu	0	0	0	0	0	0	0	0	0	0	1	0	0	0	0	0	0	0	0	0	0	0	0	1	0	0	0	1	5	1	2	3	8	0
ASV_h9x_byv	1	8	0	0	0	4	4	0	0	1	5	8	0	0	0	6	1	3	0	1	1	0	0	0	0	0	0	0	0	2	1	0	6	0
ASV_ha5_66e	0	0	0	0	0	0	0	0	0	0	0	1	0	0	0	0	3	0	0	0	0	0	0	0	0	0	0	0	0	0	0	0	0	0
ASV_hc0_tg6	3	15	0	0	9	1	0	17	0	10	10	11	0	0	1	5	4	0	0	2	0	0	0	0	0	2	0	6	20	15	4	8	10	0
ASV_hed_8to	30	67	12	49	39	31	28	22	17	81	40	80	27	81	62	87	75	11	3	20	40	25	20	4	5	39	31	97	35	57	42	42	61	0
ASV_hek_q1g	15	34	280	62	7	68	21	62	2338	55	23	48	2199	16	25	156	37	71	0	1	4	14	0	1	0	2	198	47	30	31	234	27	61	2
ASV_hg6_11p	0	0	0	1	0	0	2	1	0	0	0	1	3	6	32	0	3	0	0	0	0	3	0	0	0	3	0	0	0	3	10	1	1	0
ASV_hhs_h8r	0	0	0	0	0	0	0	0	0	0	0	0	0	0	7	0	0	0	0	0	0	0	0	0	0	0	0	0	0	0	0	0	0	0
ASV_him_f7u	0	0	0	0	0	0	0	0	0	0	0	0	3	8	4	11	3	3	0	0	1	0	0	0	0	0	1	1	1	6	16	4	2	0
ASV_hje_o7v	0	8	2	7	0	1	1	0	9	0	1	9	7	0	0	0	2	2	0	0	2	2	0	0	0	0	0	0	3	35	38	6	7	0
ASV_hks_2sf	0	0	0	2	0	0	0	0	0	0	0	0	0	0	0	0	1	0	0	0	0	0	0	0	0	0	0	0	0	0	2	3	2	0
ASV_hkt_4zn	2	1	1	1	0	0	2	0	0	0	0	0	0	0	0	0	0	0	0	0	1	0	0	1	0	5	2	3	0	0	0	1	0	0
ASV_hmq_kqs	0	8	0	5	8	1	11	9	2	18	6	8	0	0	0	0	2	0	0	0	0	2	0	0	0	0	0	13	3	5	13	2	11	0
ASV_hmz_ed0	0	0	5	0	0	0	0	0	7	0	0	0	6	0	0	0	0	0	0	0	0	0	0	0	0	0	0	0	0	0	0	0	0	0
ASV_hnr_656	0	0	0	0	1	0	0	3	0	0	0	0	1	0	0	1	3	2	0	0	0	3	0	0	0	0	1	1	0	5	4	2	0	0
ASV_hog_st4	0	1	0	0	0	0	0	0	0	0	0	0	0	0	0	0	1	0	0	0	0	0	0	0	0	0	0	0	1	0	0	0	2	0
ASV_hou_5ps	0	1	0	0	5	3	7	2	0	5	2	5	1	0	0	0	2	0	0	1	6	1	0	0	0	0	1	5	2	15	3	1	7	0
ASV_hp1_4lg	0	0	58	4	0	1	3	0	100	1	20	3	345	0	2	0	0	0	0	0	0	0	0	0	0	3	9	0	0	0	4	0	0	0
ASV_hp6_lwn	0	0	0	0	0	0	0	0	0	0	0	0	0	0	0	0	0	0	0	0	0	0	0	0	0	0	3	0	0	0	0	0	0	0
ASV_hsu_n5y	0	1	0	1	2	0	0	0	0	0	1	0	0	0	3	0	1	0	0	0	0	1	0	0	0	3	2	0	2	3	0	0	0	0
ASV_hta_inc	0	0	1	0	0	0	0	0	3	0	0	0	9	0	0	0	0	0	0	0	0	0	0	0	0	0	0	0	0	0	0	0	0	0
ASV_htv_yj1	0	0	0	0	0	0	0	1	1	2	3	1	0	0	1	1	5	0	0	0	1	0	0	0	0	3	0	1	0	4	0	6	6	0
ASV_hwd_blx	1	8	1	0	3	7	0	5	1	4	2	17	4	7	0	0	12	5	0	0	2	1	0	0	0	0	0	10	20	22	9	4	0	0
ASV_hyc_sj2	4	0	1	1	0	0	6	0	1	2	4	1	0	0	3	1	1	0	0	0	0	0	0	0	0	0	0	1	0	4	0	0	0	0
ASV_hzg_pnl	0	0	27	0	0	0	0	0	427	0	4	0	436	5	0	0	0	6	0	0	0	0	0	0	0	0	22	0	0	0	34	0	3	0
ASV_i0n_95n	0	0	1	0	0	0	1	0	0	0	1	2	3	3	0	0	1	0	0	0	0	0	0	0	0	0	0	0	0	0	0	0	1	0
ASV_i0r_txf	0	2	1	0	0	0	1	0	0	4	0	0	0	0	1	1	0	0	0	0	2	0	0	0	0	0	0	0	3	3	0	2	0	0
ASV_i1t_5si	0	0	0	0	1	0	0	0	0	0	2	2	1	0	0	0	1	2	0	1	1	1	2	0	0	0	0	6	11	31	19	6	19	0
ASV_i21_0dr	0	0	0	0	0	0	0	1	0	0	1	4	0	0	0	0	0	0	0	0	0	0	0	0	0	0	0	0	0	0	0	0	0	0
ASV_i4v_7qx	0	0	0	0	0	1	0	0	0	0	0	0	0	0	1	0	0	0	0	3	0	0	0	0	0	1	1	5	0	0	0	0	5	0
ASV_i5n_n5e	12	5	0	1	2	0	0	1	0	6	12	3	0	3	2	2	4	2	0	1	2	2	0	0	0	20	1	1	3	6	4	3	11	0
ASV_i5z_ffq	0	0	0	0	0	0	0	0	0	0	0	0	0	0	0	2	0	0	0	0	0	0	0	0	0	0	0	0	0	0	0	0	0	0
ASV_i8g_m1a	0	0	0	0	0	0	0	0	0	0	0	0	0	0	0	0	0	0	5	0	0	0	0	0	0	0	0	0	0	0	0	0	0	0
ASV_iav_boo	19	10	11	11	8	12	21	6	7	27	6	16	2	2	5	0	30	10	0	7	3	0	0	2	0	10	20	6	7	15	7	6	5	0
ASV_icf_bbw	2	0	2	0	0	0	0	1	0	0	0	0	0	0	1	4	2	3	0	0	2	0	0	0	0	1	0	0	0	0	1	1	5	0
ASV_idx_up3	0	0	0	0	0	0	0	0	1	0	2	0	3	0	0	2	0	0	0	0	0	3	0	0	0	0	0	0	0	0	0	0	0	0
ASV_ifu_a6q	0	0	10	0	0	0	0	0	12	0	0	0	16	0	0	0	0	0	0	0	0	0	0	0	0	0	0	0	0	0	0	0	0	0
ASV_ih6_8dr	2	2	0	2	6	1	9	5	0	7	5	4	1	11	1	10	5	0	25	0	3	2	2	2	0	4	6	10	0	6	6	4	2	0
ASV_iix_cpe	7	21	3	11	40	19	25	70	1	43	52	35	145	72	85	121	130	94	23	21	74	30	44	8	29	98	174	115	173	536	294	190	184	0
ASV_ijm_j6b	4	0	0	0	0	0	0	0	0	0	0	0	0	0	0	0	0	0	0	0	0	0	0	0	0	0	0	0	0	0	0	0	0	0
ASV_il9_6ku	0	0	109	0	0	0	0	0	348	13	1	0	938	0	2	0	0	22	0	0	3	0	0	0	0	0	59	0	1	0	41	0	1	0
ASV_ilp_lgo	0	0	0	0	0	4	0	0	0	0	0	0	0	0	0	0	0	0	0	0	0	0	0	0	0	0	0	0	0	0	0	0	0	0
ASV_imm_2ef	0	0	0	0	0	0	0	0	0	0	0	0	0	0	0	0	0	0	0	0	0	0	0	0	0	0	0	0	0	4	0	0	0	0
ASV_iol_mmr	0	0	0	0	0	0	0	0	0	0	0	0	0	0	0	0	0	0	0	0	0	0	0	0	4	0	0	0	0	0	0	0	0	0
ASV_ip9_vip	0	3	0	0	0	0	0	0	0	0	0	0	0	0	0	0	0	0	0	0	0	0	0	0	0	0	0	0	0	0	1	0	0	0
ASV_ipb_4im	1	0	0	1	0	0	0	1	0	6	7	0	0	2	0	0	1	0	0	0	0	0	0	0	0	0	11	0	0	0	0	1	0	0
ASV_ipn_js9	0	1	0	0	0	2	0	2	0	1	0	4	0	2	0	0	0	0	0	0	0	0	0	0	0	0	0	0	0	0	0	0	0	0
ASV_ir1_zfp	0	0	0	0	0	0	0	0	0	0	0	2	1	0	0	0	0	0	0	0	0	1	0	0	0	0	0	0	4	4	0	0	1	0
ASV_is9_qny	0	0	0	0	1	0	0	0	0	0	2	0	0	0	0	0	0	0	0	0	0	0	0	0	0	0	0	0	0	0	0	0	0	0
ASV_isf_psk	1	1	0	6	0	0	7	1	0	2	1	4	2	1	1	1	4	1	0	0	7	0	0	1	0	1	2	0	12	21	28	2	14	0
ASV_itn_j0b	0	0	0	0	0	0	0	2	0	0	0	0	0	0	0	0	0	0	0	3	2	1	0	0	0	4	5	4	0	4	3	0	14	0
ASV_ivt_f41	1	2	0	0	0	0	0	0	0	0	0	0	0	0	9	0	0	0	0	0	0	0	0	0	0	0	0	0	2	6	15	3	4	0
ASV_ivt_rqg	17	41	12	27	5	7	6	18	0	23	18	20	14	16	12	13	20	6	3	5	11	8	34	1	4	9	16	44	46	27	25	19	16	0
ASV_iy6_ynw	11	37	18	20	16	2	22	33	4	17	20	35	21	14	23	9	21	3	0	6	2	3	0	0	0	13	9	17	9	21	5	18	9	0
ASV_iyo_3rw	0	0	0	0	0	0	0	0	0	0	0	0	3	0	3	6	1	0	0	3	3	0	0	0	0	7	3	0	0	17	7	5	2	0
ASV_j05_dql	0	0	0	3	0	0	0	0	3	0	3	0	3	0	1	0	0	0	0	0	0	0	0	0	0	0	0	6	1	0	0	0	0	0
ASV_j0m_34j	2	1	0	1	5	4	0	0	0	3	0	0	0	0	0	5	0	0	0	0	6	0	6	0	0	6	0	0	0	0	5	7	0	0
ASV_j1n_p7f	4	8	1	5	2	0	2	3	0	11	3	9	6	5	2	8	1	0	0	0	4	0	0	2	0	3	5	3	16	19	7	2	16	0
ASV_j1u_qov	23	83	16	23	7	3	13	4	20	15	36	22	14	6	1882	22	28	51	21	15	8	152	123	7	3	24	25	222	26	37	28	15	48	0
ASV_j29_jm2	0	0	0	1	0	0	0	0	0	0	0	0	0	0	0	0	0	0	0	0	0	0	0	0	0	0	0	0	0	0	0	0	3	0
ASV_j3h_t9g	12	12	0	0	3	5	0	3	0	12	10	3	7	1	9	8	1	3	0	0	6	0	0	1	0	0	0	9	4	39	18	7	11	0
ASV_j47_qbc	0	0	0	0	0	0	0	0	0	1	0	0	0	0	0	0	0	0	0	0	0	0	0	0	0	0	0	0	0	0	0	1	0	0
ASV_j4n_yk9	0	0	2	0	0	0	0	0	2	0	0	0	3	0	0	0	0	0	0	0	0	0	0	0	0	0	0	0	0	0	0	0	0	0
ASV_j8x_jct	0	0	0	0	0	0	0	0	0	0	0	0	0	0	0	0	0	0	0	0	0	0	0	0	0	0	0	0	1	0	2	10	0	0
ASV_j8z_1h1	0	1	2	0	0	0	0	0	0	0	0	0	1	0	0	0	0	0	0	0	0	0	0	0	0	0	0	0	0	0	0	0	0	0
ASV_j9e_qik	0	0	0	0	0	0	0	1	0	1	0	0	0	0	1	0	1	0	0	0	0	0	0	0	0	0	0	10	15	0	1	0	0	0
ASV_j9n_bmn	0	0	6	0	0	0	0	0	19	0	0	0	14	0	0	0	0	0	0	0	0	0	0	0	0	0	0	0	0	0	0	0	0	0
ASV_j9z_0uj	0	0	0	0	0	1	0	0	0	3	0	4	1	13	2	0	6	0	0	0	5	0	0	0	0	0	4	12	6	0	4	0	0	0
ASV_jad_3ba	0	3	3	0	0	0	1	1	20	0	6	0	8	1	0	0	0	0	0	0	0	0	0	0	0	0	0	0	0	0	0	0	0	0
ASV_jbc_4sr	0	0	1	0	0	0	0	0	2	0	0	0	3	0	0	0	0	0	0	1	0	0	0	0	0	4	1	1	0	0	0	0	2	0
ASV_jd0_ucw	0	4	0	2	0	0	4	1	0	0	3	0	0	1	0	0	0	0	0	0	0	0	0	0	0	0	0	0	0	0	0	0	0	0
ASV_jdi_64p	0	0	0	1	0	0	0	0	0	0	0	7	0	0	0	0	0	0	0	0	0	0	0	0	0	0	0	0	0	0	0	3	0	0
ASV_jdz_sko	13	1	1	1	1	1	2	0	0	7	1	0	1	1	0	0	6	1	0	0	1	3	0	0	0	4	0	0	2	3	4	6	2	0
ASV_jg2_1zn	0	5	18	1	0	0	0	1	42	0	1	7	32	0	1	0	0	0	0	0	0	0	0	0	0	0	2	0	0	0	2	0	0	0
ASV_jgu_0p4	0	1	7	0	1	0	0	0	51	0	0	0	16	0	0	0	0	0	0	0	0	0	0	0	0	0	0	0	0	1	0	0	0	0
ASV_jhn_osd	0	0	4	0	0	0	0	0	0	0	0	0	10	0	0	0	0	0	0	0	0	0	0	0	0	0	0	0	0	0	0	0	0	0
ASV_jkf_4cz	0	5	0	0	0	0	1	0	0	0	5	3	0	0	0	0	1	0	0	0	0	0	0	0	0	0	0	0	0	0	0	0	0	0
ASV_jlc_2yo	21	19	2	21	9	2	10	6	2	23	18	4	3	6	6	0	0	0	0	0	0	0	0	0	0	0	0	0	0	2	0	0	0	0
ASV_jm0_s4j	13	5	6	13	0	13	8	4	2	3	5	14	7	1	2	3	7	5	0	8	9	3	0	0	0	2	13	15	6	23	1	13	9	0
ASV_joy_wul	0	2	0	0	0	0	4	0	0	0	0	0	0	0	0	1	0	0	0	0	0	0	0	0	0	3	0	0	0	0	0	0	0	0
ASV_jqj_t1z	0	0	0	0	0	1	0	0	0	0	1	0	0	0	0	2	0	0	0	3	0	0	0	0	0	3	0	0	6	2	6	1	1	0
ASV_jqw_ny5	0	0	0	0	0	0	0	0	0	1	0	0	0	0	0	0	0	0	0	0	0	0	0	0	0	0	0	0	0	3	4	0	0	0
ASV_jse_lkk	0	0	0	17	0	0	0	0	3	0	63	0	0	4	24	0	0	0	0	0	0	0	0	0	0	0	0	0	1	0	0	0	13	0
ASV_jsl_ur3	0	1	0	0	3	0	0	0	0	0	0	0	5	0	0	0	0	0	0	0	0	0	0	0	0	0	0	0	0	0	0	0	0	0
ASV_jtt_k89	0	0	0	0	0	0	0	0	0	0	0	0	7	0	0	0	0	0	0	0	0	0	0	0	0	0	0	0	0	0	0	0	0	0
ASV_ju3_byg	0	0	0	0	0	0	0	0	0	0	0	0	0	0	0	0	0	0	0	1	0	0	0	0	0	0	0	0	0	2	0	0	0	0
ASV_jum_8z8	4	5	9	1	0	1	5	1	0	2	7	2	0	2	0	2	3	1	0	4	0	1	0	0	0	0	1	0	0	0	9	0	0	0
ASV_jv7_1bp	0	0	1	0	0	0	1	0	0	0	0	0	0	0	0	1	0	0	0	0	0	0	0	0	0	0	0	0	2	0	0	0	0	0
ASV_jwr_ojo	6	1	0	0	0	1	0	4	0	6	0	9	2	6	2	5	2	1	0	0	2	2	0	0	0	5	2	5	14	9	5	11	9	0
ASV_jya_bpq	0	0	0	2	0	0	0	0	0	0	0	0	0	0	0	0	0	0	0	0	0	0	0	0	0	0	0	0	0	0	0	0	0	0
ASV_k0h_2og	0	12	4	0	1	6	1	1	0	3	6	0	0	1	1	2	4	0	0	3	0	1	0	0	0	1	1	14	11	9	1	5	11	0
ASV_k1k_xqo	0	1	1	0	0	0	0	2	1	0	0	0	12	0	4	1	0	7	0	0	0	0	0	0	0	2	3	6	0	2	1	4	0	0
ASV_k23_7qv	0	0	0	0	0	0	0	0	0	0	0	0	1	2	4	1	0	0	0	0	0	0	0	0	0	0	2	0	0	0	1	0	0	0
ASV_k2k_7gb	13	38	351	2	8	7	4	3	0	11	19	15	1	2	0	0	2	1	0	0	2	0	0	0	0	0	0	0	1	2	0	2	1	0
ASV_k3o_39a	0	0	0	0	0	0	0	0	0	0	0	0	0	0	0	0	0	0	1	0	0	0	1	0	5	0	0	0	0	0	0	0	0	0
ASV_k3p_vr6	3	0	0	0	0	0	0	0	0	1	0	0	2	0	0	1	0	0	0	1	0	0	0	0	0	0	0	0	1	0	0	0	0	0
ASV_k46_vhs	0	0	4	0	0	0	0	0	0	0	0	0	0	0	0	0	0	0	0	0	0	0	0	0	0	0	0	0	0	0	0	0	0	0
ASV_k54_31o	0	0	0	0	0	0	0	0	0	0	0	0	0	0	0	0	0	0	0	0	0	0	0	0	0	0	0	0	0	0	0	2	0	0
ASV_k57_cih	0	0	0	0	0	0	0	0	0	0	0	4	0	0	0	0	0	0	0	0	0	0	0	0	0	0	0	0	0	0	0	0	0	0
ASV_k7j_t8y	3	4	0	9	10	2	91	6	1	10	6	2	0	9	6	8	14	3	0	0	2	6	0	0	0	3	2	11	16	17	32	11	14	0
ASV_k80_6tf	9	1	0	0	0	0	1	2	0	1	0	2	0	0	0	0	2	1	0	1	0	8	0	0	0	0	0	6	20	15	16	11	24	0
ASV_k9l_h6p	0	0	0	0	0	0	0	0	0	0	3	0	0	0	0	0	0	0	0	0	0	0	0	0	0	0	0	0	0	0	0	0	0	0
ASV_kck_v4y	0	2	0	0	0	0	0	0	0	0	0	0	0	0	0	0	0	0	0	0	0	0	0	0	0	0	0	0	0	0	0	0	0	0
ASV_kgy_i2b	0	0	1	0	0	0	0	0	8	0	0	0	14	0	0	0	0	0	0	0	0	0	0	0	0	0	0	0	0	0	6	0	0	0
ASV_khs_vo9	0	5	1	0	0	0	0	0	0	1	1	1	0	0	1	2	5	1	0	0	0	4	0	1	0	0	4	0	10	20	4	2	2	0
ASV_kig_9ax	4	13	4	1	5	0	0	4	0	14	16	2	0	13	18	12	6	10	0	3	5	1	0	0	0	3	0	20	73	13	9	27	10	0
ASV_kmx_535	0	4	4	0	0	0	0	0	100	0	0	0	57	0	0	0	0	2	0	0	0	0	0	0	0	0	14	0	0	0	3	3	0	0
ASV_kn0_tju	0	0	5	0	0	0	0	0	9	0	0	0	8	0	0	0	0	0	0	0	0	0	0	0	0	7	0	0	0	0	0	0	0	0
ASV_knn_zef	0	0	0	0	1	0	0	0	0	1	0	1	0	0	1	0	2	0	0	0	0	0	0	0	0	0	0	0	2	0	2	0	0	0
ASV_knu_x2o	0	0	0	0	0	0	0	7	0	0	0	0	0	0	0	0	0	0	0	0	0	0	0	0	0	0	0	0	0	0	0	0	0	0
ASV_knw_icb	0	0	0	0	0	0	0	3	0	2	1	1	1	0	0	3	4	0	0	0	1	0	0	0	0	0	0	3	0	6	5	0	4	0
ASV_koj_92j	0	0	2	0	0	0	0	0	0	1	5	0	1	1	0	0	1	1	0	0	0	0	0	0	0	1	0	0	0	3	2	0	0	0
ASV_kqn_hba	9	28	14	8	18	8	18	16	0	151	44	39	56	11	25	38	91	9	6	12	15	18	21	1	9	52	45	76	173	155	190	48	97	0
ASV_krk_g5j	2	7	0	0	5	0	1	7	0	1	1	1	1	2	1	0	2	0	0	0	0	0	0	0	0	0	0	0	3	0	0	6	4	0
ASV_kw8_1fc	9	18	6	2	12	12	5	17	3	19	7	20	1	13	1	9	10	8	0	8	8	15	0	3	0	2	24	16	6	12	6	11	9	0
ASV_kx5_uxb	1	0	0	0	0	0	0	0	0	0	0	0	0	0	0	0	5	0	0	0	0	1	0	0	0	0	0	0	0	7	6	2	1	0
ASV_kyz_edz	0	0	0	0	0	0	0	0	0	0	0	4	0	0	0	0	0	0	0	0	0	0	0	0	0	0	0	0	0	0	0	0	0	0
ASV_l08_bur	0	0	1	0	0	0	0	1	0	2	0	1	0	0	0	0	0	0	0	0	0	0	0	0	0	3	0	1	2	0	2	0	0	0
ASV_l09_9tc	0	0	0	0	0	0	0	0	0	1	0	0	0	0	0	0	1	0	0	0	0	1	0	0	0	0	0	3	0	12	3	2	3	0
ASV_l0m_moh	120	152	62	67	73	77	61	85	32	110	66	108	60	144	120	140	172	43	5	83	137	74	44	43	48	133	97	168	105	142	132	63	158	0
ASV_l93_j2k	0	0	1	0	0	0	0	0	2	0	0	0	2	0	0	0	0	0	0	0	0	0	0	0	0	0	0	0	0	0	0	0	0	0
ASV_l9f_itr	17	32	26	7	20	11	17	26	4	16	20	26	4	9	19	9	20	8	0	7	19	6	0	1	0	23	18	21	14	34	28	23	15	0
ASV_l9l_71t	1	0	0	0	2	0	1	1	0	0	0	0	0	0	0	3	4	5	0	0	0	0	0	0	0	0	0	8	0	0	2	2	0	0
ASV_la0_fsp	0	5	1	6	0	0	1	10	0	0	3	5	0	0	0	0	0	0	0	0	0	0	0	0	0	0	0	0	0	0	0	0	0	0
ASV_lal_jp3	0	1	0	0	0	0	0	0	0	0	0	0	0	0	0	0	0	1	0	0	0	0	0	0	0	0	0	0	2	0	0	0	0	0
ASV_lbo_iso	0	0	4	7	0	0	0	0	11	0	84	0	13	0	11	0	0	0	3	0	0	0	0	0	0	0	0	0	0	0	1	0	3	0
ASV_ld8_1z0	4	1	2	2	5	7	6	1	0	2	10	6	2	2	0	8	4	0	0	1	15	0	0	0	0	4	4	0	8	4	3	1	3	0
ASV_le2_ush	3	1	0	0	1	0	0	0	0	0	0	0	0	0	9	0	1	0	0	0	0	0	0	0	0	0	0	0	0	0	0	0	0	0
ASV_lfk_egf	4	3	6	0	2	1	0	9	0	4	1	5	4	4	4	4	6	2	0	0	6	1	0	0	0	1	8	0	9	3	3	4	1	0
ASV_lhm_b4h	4	3	0	4	3	1	6	2	0	4	0	2	0	1	0	6	1	0	0	0	0	0	0	0	0	6	0	0	1	0	0	0	0	0
ASV_lht_3it	3	4	1	1	0	0	0	0	1	1	1	0	0	0	0	9	24	23	0	1	1	9	0	0	0	0	0	4	34	124	69	31	149	0
ASV_lkm_y1k	0	0	22	0	0	0	1	0	14	0	0	0	30	0	2	0	3	0	0	0	0	0	0	0	0	2	0	0	0	0	0	0	1	0
ASV_ll7_k3o	35	55	32	33	75	40	56	134	9	129	127	92	52	27	47	38	77	34	12	18	56	23	50	11	13	67	107	92	103	218	142	148	124	0
ASV_lo8_yfy	0	0	6	2	0	0	0	0	3	0	2	0	26	0	0	0	0	2	0	0	0	0	0	0	0	0	6	0	0	0	3	0	2	0
ASV_lq8_65l	0	0	0	0	0	0	0	4	0	0	0	0	0	0	0	0	0	0	0	0	0	0	0	0	0	0	0	0	0	0	0	0	0	0
ASV_lqj_tok	31	60	14	65	33	28	44	26	1	58	46	52	20	62	63	57	71	3	0	9	11	4	0	3	0	18	17	66	26	52	35	35	38	0
ASV_lrr_xu2	0	0	0	0	0	0	0	0	0	1	0	0	0	0	0	0	0	0	0	0	0	0	0	0	0	0	0	0	0	1	0	0	0	0
ASV_ls4_krl	0	0	1	0	0	0	0	0	4	0	0	0	9	0	0	0	0	0	0	0	0	0	0	0	0	0	0	0	0	0	6	0	0	0
ASV_lt2_ns0	0	0	0	0	0	0	0	0	0	0	4	0	0	0	0	8	0	0	0	0	0	0	0	0	0	0	0	0	0	0	0	0	0	0
ASV_lu3_g74	0	0	0	0	0	0	0	0	0	0	2	0	0	0	2	0	1	0	0	0	0	0	0	0	0	0	0	0	0	0	0	0	0	0
ASV_lue_x4m	0	0	0	0	0	0	0	0	0	1	1	0	2	0	7	4	0	0	0	0	3	0	0	0	0	20	1	6	10	3	4	1	7	0
ASV_lur_n07	0	2	0	0	1	0	0	0	0	1	0	0	0	0	0	0	0	2	0	0	2	0	0	0	0	0	0	0	0	0	0	0	0	0
ASV_lwa_8iq	6	9	1	0	1	0	2	0	0	3	8	6	1	5	0	1	47	10	7	1	0	5	4	0	0	0	0	22	44	119	56	34	184	0
ASV_lwc_fxo	5	2	4	5	1	2	1	1	0	6	1	7	2	11	2	9	0	4	0	0	3	1	0	1	0	5	7	7	2	6	3	1	10	2
ASV_ly3_bs2	0	0	0	0	0	0	0	0	0	0	0	0	0	0	0	0	0	3	0	0	0	0	0	0	0	0	0	0	0	1	0	0	1	0
ASV_lyd_lo3	0	0	0	0	0	0	0	0	0	1	0	0	2	0	8	0	0	0	0	0	0	0	0	0	0	0	0	0	1	0	0	0	0	0
ASV_lyp_h1w	155	224	1229	105	124	78	79	155	13	169	151	124	72	192	159	159	155	37	36	42	82	39	107	11	34	138	128	304	190	200	138	108	95	0
ASV_lyz_tq1	0	0	10	0	0	0	0	0	66	0	4	0	71	0	0	0	0	1	0	0	0	0	0	0	0	1	6	0	0	0	0	1	1	0
ASV_lzh_5bt	0	0	0	0	0	0	2	0	0	0	1	0	2	0	0	0	0	0	0	0	0	0	0	0	3	0	0	0	0	5	0	0	0	0
ASV_m2u_bxr	0	4	0	0	3	2	0	0	0	0	0	2	0	0	0	9	0	0	0	0	0	0	0	0	0	0	0	0	0	0	3	1	0	0
ASV_m3d_4du	6	7	2	0	4	8	12	5	0	5	8	7	1	2	2	0	3	0	0	2	11	1	15	0	6	16	3	10	13	31	5	9	5	0
ASV_m4d_p4y	0	0	0	0	0	0	0	0	0	0	0	0	0	0	0	0	0	0	0	1	4	0	0	0	0	0	0	3	0	0	0	0	0	0
ASV_m4q_wsr	0	0	6	0	0	0	0	0	54	0	0	0	41	0	0	0	0	0	0	4	0	0	0	0	0	0	0	0	0	0	2	0	0	0
ASV_m5o_e29	0	0	0	0	0	0	0	0	0	0	0	0	0	0	0	0	0	0	0	0	0	0	0	0	0	0	0	0	0	0	2	0	0	0
ASV_m7a_g1f	1	11	0	0	0	1	3	0	0	2	3	10	0	0	0	1	0	1	0	1	1	0	0	0	0	0	0	0	1	0	1	0	6	0
ASV_m9p_1wp	0	0	2	1	1	0	0	0	0	0	0	0	0	0	0	0	9	0	0	0	0	0	0	0	0	0	2	2	0	4	0	2	2	0
ASV_mbb_cpr	0	0	0	1	0	0	0	4	0	1	8	6	0	3	0	0	3	0	0	0	0	0	0	1	0	0	3	7	0	0	0	1	0	0
ASV_mbz_obi	0	0	0	0	0	0	0	0	0	0	0	0	0	1	0	0	0	0	0	0	0	0	0	0	0	0	5	9	0	0	0	0	0	0
ASV_mes_rt2	3	3	0	0	2	0	1	0	0	2	0	0	7	0	0	1	0	0	0	0	1	0	0	0	0	1	0	0	0	0	0	2	2	0
ASV_mfy_iw5	5	2	0	1	0	0	0	0	1	0	6	4	0	0	0	0	0	0	0	0	0	0	0	0	0	0	0	0	0	0	0	0	0	0
ASV_mhu_l9q	0	0	0	0	0	0	2	3	0	4	0	0	0	3	0	0	0	0	0	0	0	0	0	0	0	0	0	0	0	0	0	0	0	0
ASV_mhx_f7x	1	1	0	0	0	1	0	0	1	0	0	0	0	1	0	0	1	0	0	0	0	1	0	0	0	0	0	1	0	1	0	0	0	0
ASV_mkj_f4g	0	0	0	0	0	0	0	1	0	6	0	0	2	0	0	0	0	0	0	0	0	1	0	0	0	0	0	0	0	0	0	2	0	0
ASV_mov_u6n	0	0	0	0	0	0	0	0	0	0	0	0	0	0	0	0	0	0	0	0	0	0	0	0	0	0	0	0	2	0	0	0	0	0
ASV_mpn_hrw	24	36	6	5	45	18	27	52	0	68	46	57	4	16	13	4	2	0	0	6	0	0	0	0	0	1	2	5	4	20	12	12	12	0
ASV_mqa_sbt	0	0	0	0	0	0	0	0	0	0	0	0	0	0	0	0	0	0	7	0	0	0	0	0	0	0	0	0	0	0	0	0	0	0
ASV_mqv_axr	2	0	0	0	0	1	0	0	0	0	0	0	0	0	0	0	0	0	0	0	0	0	0	0	0	0	0	0	0	0	0	0	0	0
ASV_mrt_19k	0	0	9	0	0	0	0	0	54	0	0	0	22	0	0	0	0	0	0	0	0	0	0	0	0	0	0	0	0	0	0	0	0	0
ASV_msv_f56	0	6	1	0	2	0	1	0	0	7	1	6	1	0	0	0	5	0	0	0	3	0	0	0	0	1	0	2	0	0	1	2	0	0
ASV_mug_fnp	2	0	0	0	0	0	5	0	0	1	3	4	0	9	0	0	0	0	0	0	0	0	0	0	0	0	0	0	0	0	0	0	0	0
ASV_mvx_11u	0	0	11	0	0	0	0	0	22	0	0	0	11	0	0	0	0	0	0	0	0	0	0	0	0	0	0	0	0	0	0	0	3	0
ASV_mw6_hae	45	51	10	42	19	48	123	60	39	81	143	121	9	30	16	67	28	7	0	0	2	2	0	1	0	6	6	6	6	9	0	9	29	0
ASV_my8_0or	3	0	0	1	2	0	0	0	0	0	3	0	0	0	0	0	0	0	0	0	0	0	0	0	0	0	0	0	0	0	0	0	0	0
ASV_myf_6bz	0	0	2	0	0	0	0	0	10	0	1	3	8	0	1	0	0	2	0	0	0	0	0	0	0	0	1	0	1	0	2	6	0	0
ASV_mzc_00m	0	8	2	4	0	0	8	3	0	1	3	5	4	3	19	3	23	1	0	0	1	1	0	1	0	5	4	19	3	9	4	10	4	0
ASV_mzz_rd5	0	8	0	1	3	0	0	2	0	4	0	1	0	0	0	0	0	0	0	0	0	0	0	0	0	1	0	4	0	0	0	2	0	0
ASV_n03_8jj	1	0	1	2	4	0	0	0	0	4	1	8	1	3	0	0	4	0	0	0	0	0	0	0	0	3	3	9	32	25	23	4	1	0
ASV_n04_38y	0	3	1	0	0	1	1	0	0	1	1	0	0	1	8	0	5	0	0	2	1	0	0	0	0	8	2	2	0	0	13	1	0	0
ASV_n0k_28b	0	6	0	4	3	0	0	0	0	4	1	2	2	0	0	0	0	0	0	0	0	0	0	0	0	11	0	0	11	5	12	1	6	0
ASV_n28_4l7	0	0	0	1	0	5	0	3	0	0	0	0	0	0	4	7	0	0	0	0	0	2	0	0	0	0	0	0	0	0	0	0	0	0
ASV_n3i_wq2	0	9	0	0	0	0	0	0	0	1	0	3	0	0	0	8	0	0	0	0	0	0	0	0	0	0	0	0	0	1	0	0	2	0
ASV_n8i_xyj	0	0	0	2	0	0	1	0	0	0	4	5	1	0	0	0	1	1	0	0	0	0	0	0	0	0	0	1	3	8	1	1	6	0
ASV_n8x_gj6	10	38	8	10	20	11	11	36	5	67	59	37	11	6	3	6	6	0	0	10	1	0	0	1	0	3	16	23	14	13	11	19	19	0
ASV_n8x_up3	196	495	381	193	630	199	305	1392	41	683	622	522	365	388	308	388	322	171	75	119	252	120	99	41	132	336	512	400	584	1261	962	823	700	0
ASV_nb6_hfl	0	2	0	1	1	0	0	0	0	0	0	5	5	0	0	0	0	1	0	0	0	1	0	0	0	0	0	0	0	11	0	0	0	0
ASV_nca_8de	21	14	6	3	16	10	9	13	2	12	32	21	3	6	3	7	10	3	0	2	2	1	0	1	0	6	21	20	14	29	40	25	21	0
ASV_nlf_4yw	0	0	0	0	0	0	0	0	0	0	0	0	0	0	0	0	0	1	0	0	0	0	0	0	0	0	5	1	3	1	0	4	4	0
ASV_nm9_eik	0	0	5	0	0	0	0	0	6	1	8	1	13	0	0	0	0	0	0	0	0	0	0	0	0	0	0	1	0	0	0	0	6	0
ASV_nmc_36s	1	0	2	0	0	0	0	0	0	0	0	0	0	0	0	0	4	1	0	0	0	0	0	0	0	0	0	0	0	1	2	0	0	0
ASV_nml_clo	0	1	0	0	0	0	0	0	0	0	0	0	0	0	0	0	0	2	0	0	0	0	0	0	0	0	0	0	8	4	8	1	4	0
ASV_nnb_tca	0	0	0	0	1	0	0	1	0	0	2	0	11	1	0	0	3	2	0	3	5	1	0	1	0	3	3	0	2	15	1	10	1	0
ASV_noz_v2n	0	0	0	0	0	0	0	0	9	0	0	0	10	0	0	0	0	4	0	0	0	0	0	0	0	0	0	0	0	0	0	0	0	0
ASV_np1_fj5	1394	2043	1068	888	3353	1377	1965	5475	155	4371	3296	3489	1728	2364	1813	2263	2143	1320	560	875	2153	751	696	463	940	2746	4244	2833	3462	5845	5634	5890	4468	0
ASV_nr1_f94	0	6	0	0	1	0	0	0	0	0	0	0	0	0	0	0	0	0	0	0	0	0	0	0	0	0	0	0	0	0	0	0	0	0
ASV_nvu_vra	0	2	0	0	0	0	0	0	0	0	1	1	0	0	0	0	0	0	0	0	0	0	0	0	0	0	0	0	0	0	0	0	0	0
ASV_nx2_ez8	0	0	28	0	0	0	0	0	234	0	0	0	91	0	0	0	0	1	0	0	0	0	0	0	0	0	1	0	0	0	1	1	0	0
ASV_nym_wn4	0	0	0	0	0	0	0	0	3	0	0	2	1	0	0	0	0	0	0	0	0	0	0	0	0	0	0	0	0	0	0	0	2	0
ASV_nzl_6dq	0	3	1	1	1	0	2	2	0	1	0	0	0	0	0	0	0	0	0	0	0	0	0	0	0	7	3	1	1	0	0	2	1	0
ASV_o1s_dg5	0	0	53	2	0	0	0	0	65	0	0	0	90	0	1	0	0	0	0	0	0	0	0	0	0	0	4	7	0	0	0	0	0	0
ASV_o2d_y49	2	2	0	0	2	4	3	4	0	0	3	6	0	2	0	18	5	0	0	1	0	0	0	1	0	9	15	0	5	16	3	6	0	0
ASV_o2w_lbh	0	0	0	0	4	1	2	1	0	0	4	1	0	0	0	0	5	0	0	0	0	0	0	0	0	6	0	1	0	0	1	0	1	0
ASV_o3o_sn9	0	0	0	0	0	0	4	0	0	0	0	0	0	0	0	0	0	0	0	0	0	0	0	0	0	0	0	0	0	0	0	0	0	0
ASV_o5e_262	0	2	0	0	0	0	0	0	0	0	0	0	0	0	0	0	0	0	0	0	1	0	0	0	0	0	0	0	0	0	0	0	0	0
ASV_o5m_yna	5	24	3	0	11	0	3	7	0	8	17	10	7	0	1	5	2	0	0	3	3	0	0	2	0	2	7	1	0	2	6	0	2	0
ASV_o5z_yxn	0	0	0	0	0	0	0	0	0	0	0	0	0	0	0	0	0	0	0	0	0	0	0	0	0	0	0	0	0	0	0	0	1	0
ASV_o7q_hxz	0	0	96	169	0	0	0	0	21	0	15	0	187	1	299	0	0	0	0	0	0	0	0	0	0	0	7	0	19	0	3	0	16	0
ASV_o8c_jkj	1	2	0	0	0	0	0	0	0	1	0	1	0	0	0	0	2	0	0	0	0	1	0	0	0	1	0	0	0	7	5	2	4	0
ASV_o9g_s66	0	0	10	16	0	5	0	0	2	0	0	0	11	0	15	0	0	0	0	0	0	0	0	0	0	0	2	0	8	0	0	0	16	0
ASV_ob9_ka9	0	0	0	0	0	0	0	0	0	0	1	0	0	0	0	0	0	0	0	0	0	0	0	0	0	0	0	0	0	0	0	0	17	0
ASV_oc0_pfo	1	2	3	4	1	0	0	0	0	4	0	1	0	0	0	0	0	0	0	0	0	0	0	0	0	0	0	0	0	0	0	0	0	0
ASV_oe4_bm5	6	62	3	29	33	13	44	26	3	52	25	27	17	179	150	10	17	0	0	0	0	0	0	0	0	6	0	1	7	3	5	2	0	0
ASV_oef_nqd	0	0	1	0	0	0	0	0	1	0	0	0	8	0	0	0	0	0	0	0	0	0	0	0	0	0	0	0	0	0	0	0	0	0
ASV_ofa_0p7	0	0	0	0	0	0	1	0	0	0	4	0	2	0	0	0	0	0	0	0	0	0	0	0	0	0	0	1	0	0	0	0	0	0
ASV_ofb_9yg	21	7	10	8	11	5	10	18	3	16	26	29	13	0	9	1	4	0	0	0	1	2	0	0	0	4	7	1	7	27	6	16	2	0
ASV_ohz_nts	0	3	1	0	2	0	0	0	0	8	4	10	0	7	0	0	1	0	0	0	0	2	0	0	0	0	0	0	3	0	1	0	0	0
ASV_oki_sy8	4	3	3	1	0	1	4	3	0	2	24	11	4	15	19	20	14	3	14	1	16	5	0	1	0	7	1	17	70	41	21	19	14	0
ASV_on1_q2h	7	14	2	4	1	4	4	1	0	0	13	10	2	0	0	2	1	0	0	0	0	1	0	0	0	0	4	1	5	0	2	1	0	0
ASV_ont_hmw	4	11	2	5	0	5	0	5	54	2	5	8	38	0	4	0	0	0	0	0	0	0	0	0	0	0	0	5	0	0	0	0	0	0
ASV_onx_gry	54	21	6	67	40	22	52	60	91	16	14	54	146	26	23	985	89	3	0	0	4	2	8	0	0	10	7	36	52	95	5	74	75	0
ASV_oo1_eww	0	1	0	1	1	5	1	0	1	3	0	2	0	0	0	0	1	0	0	0	0	0	0	0	0	0	0	0	3	0	4	0	0	0
ASV_oox_qtp	0	0	5	0	0	0	0	0	20	0	0	0	46	0	0	0	0	0	0	0	0	0	0	0	0	0	2	0	0	0	5	0	0	0
ASV_oq7_pa1	0	0	5	0	0	0	0	0	8	0	0	0	13	0	0	0	0	0	0	0	0	0	0	0	0	0	0	0	0	0	0	0	0	0
ASV_osy_ajy	0	0	0	0	0	0	3	0	0	0	4	0	0	0	10	5	0	0	0	0	0	0	0	0	0	0	0	3	0	0	0	0	8	0
ASV_owf_ntc	0	0	0	0	0	0	0	0	0	2	0	0	0	1	2	0	0	0	0	0	0	1	0	0	0	4	0	0	0	1	0	4	0	0
ASV_p12_wh6	0	0	0	0	0	0	0	0	0	0	0	0	0	0	3	0	0	0	0	0	0	0	0	0	0	0	0	0	0	0	0	0	0	0
ASV_p23_kam	5	10	0	6	4	0	8	1	0	4	6	4	1	2	0	2	9	2	14	0	1	2	0	0	2	7	8	19	4	8	16	2	2	0
ASV_p5h_zpi	0	2	16	35	0	0	0	0	11	0	5	0	30	1	51	0	0	0	0	0	0	0	0	0	0	0	0	0	1	0	0	0	1	0
ASV_p5m_a49	0	3	0	0	1	0	0	0	0	0	2	0	0	0	0	0	0	0	0	0	0	0	0	0	0	0	0	0	0	0	0	0	0	0
ASV_p7a_yt0	0	0	0	2	0	0	0	0	0	0	2	0	0	0	0	1	0	0	0	0	0	0	0	0	0	0	0	3	0	0	0	0	1	0
ASV_p7k_c2o	0	0	3	18	0	0	0	0	44	0	17	0	32	0	4	0	0	0	0	0	0	0	0	0	0	0	0	0	23	0	1	4	4	0
ASV_p7l_jgc	0	0	4	1	4	1	1	4	0	4	4	1	2	7	0	1	5	0	0	0	0	0	0	0	0	0	2	3	0	0	2	3	0	0
ASV_p7o_2ko	0	0	5	32	0	0	0	0	41	0	89	0	29	0	33	0	0	1	0	0	0	0	0	0	0	0	1	0	3	0	2	0	13	0
ASV_p9b_gb9	0	0	2	0	4	0	0	0	0	0	1	0	0	0	0	0	0	0	2	1	9	0	0	0	0	0	0	0	3	0	0	0	0	0
ASV_p9s_v0y	0	0	0	0	0	1	0	0	0	2	3	2	2	0	5	1	5	0	0	0	0	0	0	0	0	1	1	0	5	3	2	4	2	0
ASV_pc6_78l	7	36	5	16	3	14	14	29	3	27	42	29	12	3	10	11	23	1	0	3	14	2	0	1	0	2	8	5	11	32	21	15	13	0
ASV_pcl_yjt	0	0	0	0	0	0	0	0	0	0	0	0	0	0	0	0	0	0	0	0	0	0	0	0	0	0	0	0	0	0	0	3	0	0
ASV_pcs_jdo	0	0	0	0	0	0	0	0	0	0	0	0	0	0	0	1	0	0	0	0	0	0	0	0	0	0	0	0	0	0	0	0	1	0
ASV_pd2_af5	0	0	59	0	0	9	0	0	139	5	0	3	282	0	0	1	0	31	0	0	0	0	0	0	0	0	72	0	0	12	17	0	0	0
ASV_pfa_1aw	0	0	13	0	0	0	0	0	156	0	0	0	187	0	0	0	0	4	0	0	0	0	0	0	0	0	6	0	0	0	23	7	0	0
ASV_pfg_ixu	0	0	0	0	0	0	0	2	0	0	0	0	0	0	0	0	0	0	0	0	0	0	0	0	0	0	0	0	0	0	0	0	0	0
ASV_pgv_og1	0	0	0	0	0	0	0	0	0	0	0	0	0	0	0	0	1	2	0	0	0	0	0	0	0	0	0	0	0	0	0	0	1	0
ASV_pgz_f07	5	7	1	1	8	0	1	10	4	26	25	20	0	6	1	2	6	2	0	2	0	2	0	0	0	3	0	30	7	8	2	9	8	0
ASV_phw_4j4	0	0	1	0	0	0	2	0	0	0	2	0	1	0	0	0	0	0	0	0	0	0	0	0	0	0	0	0	0	0	0	0	0	0
ASV_pik_54k	0	0	3677	0	0	0	0	0	0	0	0	0	0	0	0	0	0	0	0	0	0	0	0	0	0	0	0	1	0	0	0	0	1	0
ASV_plr_vil	3	0	0	0	2	3	2	0	0	0	1	0	0	0	0	0	0	0	0	0	0	0	0	0	0	0	0	0	0	0	0	0	0	0
ASV_pmm_ob9	0	1	0	1	0	3	1	2	0	2	1	1	0	0	5	4	0	0	0	0	0	0	0	0	0	0	0	0	0	0	0	0	0	0
ASV_pna_xfm	0	0	0	0	0	0	1	0	0	0	3	1	0	1	0	0	0	0	0	0	0	0	0	0	0	0	0	0	1	0	0	0	0	0
ASV_pnd_h1j	0	6	0	2	0	4	1	0	0	0	4	0	0	0	0	0	0	0	0	0	0	0	0	0	0	0	0	0	0	0	0	0	0	0
ASV_pns_4l6	0	2	0	0	0	0	0	0	0	0	1	0	2	2	0	1	1	0	0	0	0	0	0	0	0	0	0	0	0	0	0	0	0	0
ASV_ptg_njj	0	0	3	0	0	0	0	0	0	0	0	0	0	0	0	0	0	0	0	0	0	0	0	0	0	0	0	0	0	0	0	0	0	0
ASV_ptm_hv4	0	0	0	0	0	0	0	0	3	0	0	0	2	0	0	0	0	0	0	0	0	0	0	0	0	0	0	0	0	0	0	0	1	0
ASV_pux_8c6	0	0	22	0	0	0	0	0	43	0	0	0	35	0	0	0	0	0	0	3	0	0	0	0	0	0	0	0	0	0	0	0	0	0
ASV_pwt_n3l	2	12	0	2	3	1	1	6	2	6	4	3	0	6	0	0	0	0	0	0	0	0	0	0	0	0	0	0	0	0	0	0	0	0
ASV_pwz_m7d	0	2	0	0	0	1	0	5	0	4	7	1	3	0	0	0	0	0	0	0	1	0	0	0	0	2	2	15	7	6	3	2	1	0
ASV_px0_f3r	2	2	1	2	3	4	0	2	0	8	6	4	1	2	2	2	9	0	0	4	0	1	0	0	0	4	0	2	0	2	10	1	3	0
ASV_pzr_psc	2	2	0	0	0	0	0	7	0	0	11	11	3	4	0	1	5	2	0	0	3	0	0	0	0	1	1	4	23	6	10	15	4	0
ASV_q19_p7n	16	6	0	9	8	11	1	6	0	2	26	3	0	0	0	2	0	0	0	0	0	0	0	0	0	0	0	1	0	0	0	0	2	0
ASV_q1f_6ic	1	19	2	9	4	2	2	26	1	1	10	1	1	6	7	0	2	0	0	0	0	0	0	0	0	0	0	0	0	0	0	0	0	0
ASV_q67_860	0	0	0	0	0	1	0	0	0	8	0	1	0	1	0	0	0	0	0	0	0	0	0	0	0	0	0	0	0	3	0	0	1	0
ASV_qat_9ly	0	2	0	0	0	0	0	0	0	0	0	0	0	0	0	0	0	0	0	0	0	0	0	0	0	0	0	0	0	0	0	0	0	0
ASV_qcz_6jl	1	1	0	2	2	1	3	0	0	5	1	0	1	0	0	0	1	0	0	0	1	0	0	0	0	0	0	0	0	6	7	0	2	0
ASV_qf6_bd8	0	1	0	0	3	5	9	2	1	1	2	4	0	0	6	16	0	0	0	0	0	0	0	0	0	0	0	0	0	0	0	0	1	0
ASV_qgt_coi	0	1	0	1	0	0	0	18	0	1	0	1	0	0	1	0	0	0	0	1	0	0	0	0	0	0	0	0	5	0	3	0	2	0
ASV_qim_52j	0	1	0	0	0	0	0	5	1	0	0	1	0	1	0	1	3	0	0	0	0	0	0	0	0	1	0	6	0	0	0	0	3	0
ASV_qk0_sb2	0	2	62	462	0	2	0	0	43	0	154	4	123	4	780	1	0	0	0	0	0	0	0	0	0	1	0	0	57	0	0	0	66	0
ASV_qkz_44y	0	0	4	0	0	0	0	0	2	0	0	0	1	0	0	0	0	0	0	0	0	0	0	0	0	0	0	0	0	0	0	0	0	0
ASV_ql6_8z2	0	0	0	0	0	0	0	0	0	2	3	0	0	0	0	0	0	0	0	0	0	0	0	0	0	0	0	9	5	0	0	0	4	0
ASV_qme_go7	0	0	0	0	0	0	3	0	0	0	0	0	0	0	0	0	0	0	0	0	0	0	0	0	0	0	0	0	0	0	0	0	0	0
ASV_qni_7jl	6	13	2	1	15	6	7	11	0	13	18	13	1	6	0	4	12	12	0	4	23	1	0	3	0	11	14	15	26	37	26	15	21	0
ASV_qp0_t2q	0	18	840	15	4	25	128	25	2	259	27	108	95	260	33	5	11	0	0	10	0	2	0	1	0	2	3	10	15	11	2	9	16	0
ASV_qqw_g5w	0	5	0	1	0	0	1	4	0	0	3	0	1	0	3	11	4	10	0	3	8	1	0	1	0	0	1	0	4	1	3	1	5	0
ASV_qu9_nk4	3	11	11	4	2	7	0	12	3	4	16	113	5	0	10	6	21	12	0	0	2	3	0	2	0	0	4	10	26	56	24	10	62	0
ASV_qwa_h7y	1	2	2	0	1	0	0	3	0	4	1	2	3	0	0	0	7	4	0	0	0	0	0	2	0	0	2	1	19	8	12	2	5	0
ASV_qwj_kd8	0	0	0	0	0	0	0	0	1	0	1	0	1	1	0	0	6	3	0	0	0	3	0	2	0	0	0	2	0	0	2	0	2	0
ASV_qwz_lmy	3	0	1	3	0	4	1	10	17	0	7	3	5	4	0	1	0	0	0	0	0	0	0	0	0	0	0	0	0	0	0	0	0	0
ASV_qx6_a58	2	1	2	0	0	0	2	0	122	0	0	10	66	0	0	1	0	3	0	0	0	2	0	0	0	0	0	0	1	0	3	0	0	0
ASV_qxb_uzu	1	0	0	2	0	3	0	0	2	2	3	4	0	0	0	2	0	0	0	0	0	0	0	0	0	0	0	0	0	0	0	0	0	0
ASV_qxi_g7h	0	1	0	8	0	16	14	8	0	4	8	18	1	0	0	1	5	0	0	0	0	0	0	0	0	0	0	4	0	7	0	0	1	0
ASV_qy1_tms	0	4	25	0	4	9	0	0	164	0	1	2	170	0	0	1	2	29	25	0	0	0	0	0	1	4	63	0	2	0	45	2	1	0
ASV_r1t_f1l	0	0	3	0	0	0	0	0	1	0	0	0	2	0	0	0	0	0	0	0	0	0	0	0	0	0	0	0	0	1	0	0	0	0
ASV_r22_w2c	0	0	0	0	0	0	0	0	0	0	3	0	0	0	0	0	1	0	0	0	0	0	0	0	0	0	0	0	0	2	3	0	1	0
ASV_r29_9fk	231	384	176	121	508	180	282	670	53	634	720	564	127	141	95	87	108	40	10	65	110	23	16	35	34	115	166	134	211	305	223	268	383	0
ASV_r3f_9yu	11	7	0	6	1	17	9	4	1	19	3	11	1	17	3	15	19	10	0	0	11	4	0	3	0	9	16	17	21	8	9	9	14	0
ASV_r5w_sls	0	1	0	0	0	0	0	0	1	0	1	1	0	0	0	0	0	0	0	0	0	0	0	0	0	0	3	1	1	4	0	0	0	0
ASV_r7b_65b	0	0	1	0	0	1	0	0	0	2	5	0	0	0	0	11	0	0	0	0	0	0	0	0	0	0	0	0	1	0	0	0	0	0
ASV_r8e_iw7	3	1	0	2	2	1	0	0	0	5	0	1	2	13	9	4	3	0	0	0	0	3	0	0	0	1	0	18	1	6	2	4	5	0
ASV_r9f_rsd	0	7	0	2	0	1	25	2	3	2	1	1	1	6	2	15	3	2	0	0	6	3	0	0	0	0	8	4	27	1	12	0	1461	0
ASV_r9z_9gg	0	0	0	0	0	0	0	0	2	0	0	0	1	0	0	0	0	0	0	0	2	0	0	0	0	0	0	9	0	0	0	0	0	0
ASV_reh_mc2	0	0	6	0	0	0	0	0	7	0	0	0	2	0	0	0	0	0	0	0	0	0	0	0	0	0	0	0	0	0	0	0	0	0
ASV_rfo_edk	0	0	20	0	0	0	0	0	221	0	0	0	91	0	0	0	0	0	0	0	0	0	0	0	0	0	0	0	0	0	0	0	0	0
ASV_rhi_wzd	1	2	0	0	0	0	0	1	0	0	1	1	0	0	0	0	1	0	0	0	0	0	0	0	0	0	0	0	1	0	0	1	0	0
ASV_rhw_d6r	5	1	0	1	5	0	5	1	1	1	7	1	4	2	0	10	1	0	0	0	0	0	0	0	0	2	0	0	8	1	2	0	1	0
ASV_rj1_lz7	8	7	5	1	3	1	0	2	0	16	0	10	1	1	0	0	2	13	0	0	2	2	0	0	0	0	1	14	14	25	13	14	12	0
ASV_rjw_hvp	1	8	39	0	1	0	4	5	0	0	0	0	7	0	1	0	5	0	0	0	0	0	0	0	0	0	0	0	0	3	0	2	1	0
ASV_rng_04r	0	0	0	0	0	0	0	1	0	0	0	0	0	0	0	0	0	0	0	0	0	0	0	0	0	0	0	1	0	0	0	2	1	0
ASV_rnu_8cn	0	0	1	0	1	0	0	0	0	0	0	0	0	0	0	0	2	0	0	1	0	0	0	0	0	0	0	0	0	0	1	0	1	0
ASV_rq8_3cy	1	5	0	5	1	4	1	0	0	3	4	5	2	4	0	5	9	0	0	0	0	0	0	1	0	4	0	18	3	0	3	5	5	0
ASV_rqi_yem	0	0	0	3	0	0	0	0	0	0	0	0	0	0	5	0	0	0	0	0	0	0	0	0	0	0	0	0	0	0	0	0	0	0
ASV_rrj_4el	0	0	22	0	0	0	0	0	267	0	7	0	270	0	0	1	2	3	0	0	0	0	0	0	0	0	35	0	0	0	16	3	1	0
ASV_rsk_mny	0	0	0	0	0	0	0	0	0	0	0	0	0	0	0	0	0	0	0	0	0	0	0	0	0	0	0	4	0	0	0	0	0	0
ASV_rtq_907	0	0	1	0	0	0	1	0	31	0	1	3	4	0	0	0	1	0	0	0	0	1	0	0	0	0	0	4	0	0	0	0	0	0
ASV_rug_jub	83	147	4	99	50	105	145	69	3	106	124	94	4	87	50	5	0	0	0	0	0	0	0	0	0	0	0	6	12	5	0	0	0	0
ASV_rzi_lcv	0	1	0	0	0	0	0	0	0	0	0	0	0	0	0	0	0	0	2	0	0	0	0	0	0	0	0	2	6	4	0	0	2	0
ASV_rzq_jhe	8	6	3	0	0	1	1	1	0	4	7	2	0	0	0	0	1	5	0	0	4	0	0	0	0	0	6	4	18	3	4	0	12	0
ASV_s0p_9sc	0	0	0	0	0	0	0	0	0	1	1	6	1	4	2	9	0	2	0	0	2	0	0	0	0	1	14	1	0	0	1	5	0	0
ASV_s1h_1ok	0	1	2	0	1	0	1	1	0	26	0	1	3	0	0	1	0	3	0	0	2	1	0	0	0	0	0	0	8	0	0	1	0	0
ASV_s53_pia	0	0	2	0	0	0	0	0	0	0	0	0	2	0	0	0	0	0	0	0	0	0	0	0	0	0	0	0	0	3	0	0	0	0
ASV_s7b_fct	0	0	0	21	0	0	0	0	6	0	9	0	6	0	28	0	0	0	0	0	0	0	0	0	0	0	0	0	0	0	0	0	1	0
ASV_s7d_nq9	1	8	4	0	1	5	6	6	1	2	1	7	1	3	4	23	11	0	0	0	2	0	0	1	0	0	4	4	12	7	1	13	1	0
ASV_s9h_3d5	2	0	3	0	0	0	0	1	0	0	0	0	0	0	0	0	7	0	0	2	0	0	0	0	0	0	0	0	0	11	2	0	5	0
ASV_sax_vmq	0	0	0	0	0	0	0	0	0	0	0	0	0	0	0	0	0	0	0	0	0	0	2	0	4	0	0	0	0	0	0	0	0	0
ASV_scr_mj1	0	0	14	0	0	0	0	0	35	0	0	0	27	0	0	0	0	0	0	0	0	0	0	0	0	0	0	0	0	0	0	0	0	0
ASV_sex_4qr	7	14	9	20	8	6	11	15	1	12	23	21	3	27	17	28	12	2	0	8	6	11	0	1	0	18	2	15	16	10	6	4	9	0
ASV_skb_zns	2	3	0	7	7	1	1	2	0	8	0	3	0	0	3	5	0	0	0	0	0	0	0	0	0	0	0	0	0	0	0	0	0	0
ASV_skt_m0e	0	0	23	0	0	0	0	0	10	0	0	0	13	0	0	0	0	0	0	0	0	0	0	0	0	0	1	0	0	0	0	0	0	0
ASV_smu_nev	0	7	0	1	0	0	0	8	0	2	1	0	0	4	0	0	0	0	0	0	0	0	0	0	0	0	0	0	0	0	0	0	0	0
ASV_sn2_h1u	0	9	2	1	3	1	0	0	1	3	1	0	0	8	0	0	0	0	0	0	0	0	0	0	0	0	0	0	0	0	0	0	0	0
ASV_sou_13c	0	0	0	0	1	0	0	0	2	0	0	0	0	0	0	0	0	0	0	0	0	0	0	0	0	0	0	0	0	0	0	0	0	0
ASV_spl_n1d	0	0	1	1	0	0	1	0	0	6	0	0	0	0	0	0	0	0	0	0	0	0	0	0	0	0	0	0	0	1	0	0	0	0
ASV_spm_szi	0	1	0	1	1	0	1	0	0	0	4	0	2	1	0	8	3	3	0	1	4	0	0	0	0	1	1	3	1	0	6	2	0	0
ASV_spr_jy6	2	5	2	8	4	0	0	5	1	13	6	9	0	6	3	2	0	0	0	0	0	1	0	0	0	0	0	0	2	0	0	0	0	0
ASV_sqe_pb5	0	5	0	1	0	0	0	1	1	8	6	2	0	0	0	1	3	0	0	0	0	0	0	0	0	0	0	0	4	6	1	3	8	0
ASV_srv_kpd	0	0	0	0	0	0	0	0	1	0	0	0	1	0	0	2	0	0	0	0	0	0	0	0	0	0	0	0	0	1	2	0	0	0
ASV_st7_txi	2	12	1	10	1	0	8	4	0	35	26	33	4	6	1	7	15	3	0	3	3	1	0	1	0	4	5	34	36	31	13	32	23	0
ASV_svj_ujg	12	1	0	0	0	2	0	0	1	4	3	2	1	3	4	4	14	11	0	0	2	3	0	0	0	8	4	14	13	1	8	13	11	0
ASV_swv_116	0	0	4	1	0	0	0	0	0	4	0	0	0	0	0	0	0	0	0	0	2	0	0	0	0	0	0	0	0	0	0	4	0	0
ASV_sxc_6gh	0	0	6	0	0	0	0	0	19	0	0	0	26	0	0	0	0	0	0	0	0	0	0	0	0	0	9	0	0	0	1	0	0	0
ASV_sxg_wg4	0	0	0	0	0	0	0	0	0	0	0	0	0	0	0	0	0	5	0	0	0	0	0	0	0	2	0	0	0	0	0	2	0	0
ASV_sxx_cua	0	0	2	0	0	0	0	0	0	0	0	0	0	0	0	0	0	0	0	0	0	0	0	0	0	0	0	0	0	0	0	0	0	0
ASV_szh_bdu	6	5	1	7	3	6	4	2	3	24	10	12	9	1	13	25	12	0	0	3	9	1	15	1	6	22	0	18	12	6	5	15	11	0
ASV_t07_hmn	0	0	7	0	0	0	0	0	3	0	0	0	22	0	0	0	0	0	0	0	0	0	0	0	0	0	1	0	0	0	0	0	0	0
ASV_t0f_0yx	2	16	0	7	0	1	3	3	3	3	1	0	1	5	0	0	0	0	0	0	0	0	0	0	0	0	0	0	1	0	0	0	0	0
ASV_t1k_aso	0	0	0	0	0	0	0	0	0	0	0	0	0	0	0	0	0	0	0	181	0	0	0	0	0	2	0	0	21	0	0	0	0	0
ASV_t1p_hkh	12	17	2	38	7	169	101	18	13	25	121	191	38	1	15	195	1	5	0	0	0	0	0	0	0	0	4	0	3	22	1	3	4	0
ASV_t29_3nr	0	0	0	0	1	6	0	0	0	0	0	4	0	0	0	0	0	0	0	0	0	0	0	0	0	0	0	0	0	0	0	1	0	0
ASV_t2o_ibr	0	0	70	1	0	0	0	0	81	0	0	0	192	0	6	0	0	0	0	0	0	0	0	0	0	2	3	0	0	0	2	0	0	0
ASV_t3d_6md	0	1	0	0	1	0	0	1	0	0	0	0	1	0	2	4	0	1	0	0	1	2	0	2	0	1	2	4	0	3	0	4	0	0
ASV_t4a_pf8	0	0	0	0	0	1	0	0	0	1	0	3	0	0	0	0	0	1	0	1	0	0	0	0	0	0	0	1	0	0	4	0	2	0
ASV_t4r_1cd	0	0	2	0	4	0	0	0	0	0	0	0	0	7	0	4	0	3	0	0	3	3	0	1	0	0	5	0	0	0	3	0	0	0
ASV_t9h_z9l	6	0	0	15	0	19	2	3	3	1	9	1	5	0	1	19	0	0	0	0	0	0	0	0	0	1	0	0	3	0	0	0	0	0
ASV_taa_1zt	5	0	0	0	2	0	3	5	0	2	0	1	0	1	1	1	5	3	0	0	1	1	0	1	0	5	3	7	0	11	2	7	4	0
ASV_tb6_7oz	0	0	0	0	0	0	1	0	0	0	0	0	0	0	0	0	0	2	0	0	0	1	0	0	0	0	1	0	1	3	0	0	1	0
ASV_tc3_6kw	0	0	1	0	0	0	0	0	7	0	0	0	3	0	0	0	0	0	0	0	0	0	0	0	0	0	1	1	0	0	0	0	0	0
ASV_tc9_i7f	0	0	5	0	0	0	0	0	4	0	0	0	1	0	0	0	0	0	0	0	0	0	0	0	0	0	0	0	0	0	0	0	0	0
ASV_tes_7s5	0	0	0	0	0	0	0	0	0	0	0	3	0	0	0	0	0	0	0	0	0	0	0	0	0	0	0	0	0	0	0	0	0	0
ASV_tgi_wl2	0	0	0	0	0	0	0	0	0	2	0	0	0	0	1	0	0	0	0	0	0	0	0	0	0	0	0	0	0	5	0	0	0	0
ASV_thu_i2v	0	0	0	0	0	0	0	0	1	0	0	0	1	0	0	0	0	0	0	0	0	0	0	0	0	0	0	0	0	0	0	0	0	0
ASV_tj3_uin	0	5	59	3	0	0	0	6	0	2	0	3	1	0	0	0	2	0	0	0	0	0	0	0	0	0	0	15	0	2	3	14	1	0
ASV_tk1_est	0	0	14	0	0	0	0	4	28	0	2	0	36	0	0	0	0	0	0	0	0	0	0	0	0	0	0	0	0	0	0	0	3	0
ASV_tlw_jbn	0	0	0	0	0	0	6	0	0	0	0	0	0	0	0	0	0	0	0	0	0	0	0	0	0	0	0	0	0	0	2	0	0	0
ASV_tmh_9r8	0	0	0	0	0	0	0	4	0	1	1	3	0	0	0	0	0	0	0	0	0	0	0	0	0	0	0	0	0	0	2	0	0	0
ASV_tnz_8cx	905	648	1107	262	292	165	260	488	30	2208	794	754	136	181	302	248	120	32	20	248	399	21	14	67	196	532	542	1095	591	803	684	429	1205	5
ASV_to9_1py	1	0	0	0	3	0	0	0	0	3	0	0	0	0	0	0	0	0	0	0	0	0	0	0	0	1	0	2	0	0	3	5	2	0
ASV_tpp_n2i	0	0	0	0	0	0	1	0	0	0	0	0	2	0	0	0	0	0	0	0	0	0	0	0	0	0	0	0	0	0	0	0	0	0
ASV_tq5_nrw	0	0	0	0	0	1	0	1	0	2	0	1	0	0	0	0	1	0	0	0	0	0	0	0	0	0	1	1	7	2	4	2	4	0
ASV_tq7_wbc	0	0	248	15	0	13	0	4	1809	0	25	0	634	0	17	7	0	15	0	0	0	0	0	0	0	0	21	11	0	0	30	1	0	0
ASV_tqq_9pk	0	0	0	0	0	0	0	0	0	3	1	0	0	0	1	2	1	0	0	0	0	0	0	1	0	0	0	3	4	0	0	0	2	0
ASV_trt_b1q	0	2	1	0	0	0	0	0	0	3	2	0	1	0	0	0	5	1	0	2	0	4	0	0	0	1	2	0	6	1	7	5	14	0
ASV_tub_2n9	0	0	2	1	0	1	1	0	1	0	1	0	0	0	1	7	2	4	0	0	1	0	0	0	0	0	7	0	0	0	4	0	1	0
ASV_tw0_uhq	0	1	0	1	0	0	0	0	0	0	1	0	1	3	1	4	2	0	0	3	0	2	0	0	0	0	0	0	3	12	0	1	2	0
ASV_v35_8yf	0	0	0	0	0	0	4	0	0	0	0	0	0	0	0	0	0	0	0	0	0	0	0	0	0	0	0	0	0	0	0	0	0	0
ASV_vwi_bm7	0	0	0	0	0	0	0	0	0	0	0	0	0	0	0	0	0	0	0	0	0	0	0	0	0	1	0	0	0	0	5	0	0	0
ASV_xnn_hv9	6	13	0	4	4	3	19	18	2	16	11	15	2	4	0	0	18	8	0	0	5	6	0	1	0	0	2	11	14	40	12	8	17	0
ASV_yl2_f2e	1	0	0	1	0	0	0	2	4	7	0	0	1	0	0	13	1	0	0	0	0	0	0	0	0	1	0	0	0	0	0	0	0	0